0 0.146111 0.095459 2.524475
1 0.762653 0.056122 0.524109
2 6.427126 0.556549 12.730896
3 19.793365 3.580658 44.638977
4 21.598564 2.485809 8.709412
5 2.864754 0.519638 18.726868
6 9.047327 1.511490 16.636841
7 8.019051 2.190125 3.654053
8 7.690735 0.611557 4.937561
9 18.022444 0.424011 3.875793
10 9.236282 5.471954 1.806946
11 5.814819 2.250839 7.275696
12 24.391586 0.124496 5.486633
13 0.727886 3.518326 3.905640
14 2.733261 2.694214 12.724731
15 0.179710 2.580322 3.141907
16 0.608841 2.199173 9.252625
17 4.056187 3.112381 16.909119
18 8.051079 2.809326 3.624939
19 20.363495 0.949982 4.469055
20 22.868423 2.713577 18.085083
21 11.278259 1.379440 12.864807
22 23.021362 2.785538 14.116882
23 7.279305 0.614700 20.727417
24 25.661819 1.134949 0.230713
25 18.369247 0.049683 9.285156
26 4.199799 1.391617 1.381592
27 18.818298 1.834625 39.454346
28 0.752815 6.000519 45.182739
29 2.573410 1.522980 3.283813
30 6.370461 1.788330 3.713623
31 1.258892 1.263779 14.312256
32 9.138641 2.012283 3.499756
33 18.688728 0.765579 4.948608
34 1.181450 2.817810 3.544189
35 6.721664 0.910660 14.154541
36 8.178818 1.084717 9.877686
37 5.794943 0.895706 5.425781
38 10.331127 1.032166 5.438843
39 1.548515 4.054718 3.544983
40 12.986091 0.554153 0.018188
41 14.876902 4.937607 15.016785
42 24.131226 1.205750 19.299927
43 24.114962 2.162231 10.555847
44 0.517826 2.783188 4.152466
45 8.380478 0.520660 2.551514
46 2.998917 3.150162 26.838806
47 0.479706 4.385178 3.321777
48 9.422581 2.394135 1.582214
49 14.779675 0.685654 3.543213
50 6.697693 4.457077 0.523865
51 6.178114 3.225433 4.706970
52 11.219696 2.100708 10.412170
53 3.599091 3.503647 5.343689
54 5.916321 2.694977 14.234863
55 2.402496 1.688828 8.510925
56 1.317291 0.939362 7.353760
57 8.096848 1.105896 11.661987
58 1.217209 0.454529 3.129395
59 2.276199 3.357742 5.284424
60 3.941487 2.383179 51.571655
61 8.549225 2.945297 52.059448
62 3.762863 0.736298 18.660889
63 22.947418 0.465485 14.028076
64 1.375992 0.362549 3.861938
65 30.162079 1.547775 26.203491
66 6.009480 1.917847 21.244019
67 15.767151 2.046066 5.238647
68 3.913803 0.788376 38.038208
69 6.488686 0.987900 44.701050
70 8.474861 0.629547 21.168945
71 13.072784 1.887878 20.027710
72 3.440674 4.108627 4.790161
73 8.195168 0.892029 7.994141
74 25.094215 0.578705 13.519897
75 17.290802 0.141571 17.683838
76 13.006287 2.366486 9.088989
77 0.027259 2.002762 14.899414
78 7.716660 0.649658 10.048462
79 11.451447 4.666824 14.552856
80 10.865013 0.980606 13.791504
81 10.699600 3.507812 18.139038
82 33.447279 1.989288 26.796631
83 6.140259 0.924133 8.064453
84 3.111496 1.061295 16.208984
85 6.062393 1.849365 3.663574
86 3.098012 2.063004 25.315796
87 14.868599 2.566940 11.646851
88 12.424226 1.366119 12.971069
89 8.595154 3.599518 3.210693
90 10.317780 0.392181 22.899658
91 14.137390 0.442230 4.322754
92 11.599533 1.809799 68.935791
93 8.837006 1.120880 45.130615
94 6.852234 0.637039 3.183350
95 5.559631 0.589813 4.924561
96 3.006958 0.246155 5.921021
97 19.332520 10.700226 21.350586
98 25.838783 7.856369 2.575684
99 2.519753 0.073669 4.620117
100 22.253998 7.804428 38.900146
101 4.666042 1.911057 6.711914
102 9.314812 6.126877 24.278564
103 13.885979 1.237534 9.297729
104 0.631538 1.950882 0.732056
105 14.580811 3.401215 29.837524
106 9.517212 2.539490 27.676270
107 37.172882 13.061966 42.781250
108 0.285217 1.051834 5.795044
109 10.308533 0.500641 2.363037
110 8.321503 5.306870 14.798462
111 21.596172 3.790314 6.323364
112 1.608521 0.396896 18.972900
113 25.508850 0.002625 4.049683
114 17.488129 0.344742 5.160889
115 0.378021 0.014755 31.272339
116 19.580536 2.914581 74.436768
117 7.243103 2.390625 23.597412
118 15.414551 6.218567 32.436890
119 6.012573 0.988571 2.082764
120 5.045624 1.284103 15.094116
121 10.871490 0.436783 1.020874
122 7.159729 0.137558 13.603271
123 23.812958 1.457687 11.355469
124 10.137695 0.892487 3.715088
125 20.207001 2.005676 15.153442
126 3.911942 1.010803 27.380859
127 2.989227 0.715591 24.601196
128 1.577576 12.092651 13.304565
129 13.905914 0.740891 8.886475
130 3.537811 4.693130 9.692383
131 24.333221 1.725235 13.300781
132 7.196136 3.478790 11.249390
133 11.179077 3.774994 6.433960
134 13.795120 0.219101 28.442139
135 6.380264 2.136703 24.010986
136 19.587341 4.811020 14.727295
137 17.814316 3.623108 44.746582
138 1.170544 2.979904 7.479980
139 15.352066 1.070969 7.195435
140 4.560608 8.160507 17.176758
141 2.790527 0.175720 17.574341
142 3.342243 3.178314 23.957764
143 11.340118 10.656509 13.412354
144 236.891445 6.448822 14.415771
145 26.287376 3.420258 18.341675
146 9.628571 0.438416 26.614136
147 17.507751 1.447235 10.004150
148 20.443268 8.277908 62.222168
149 195.948486 4.231155 69.646240
150 35.246758 11.585022 14.617676
151 9.256958 2.158478 4.065552
152 2.003601 0.942673 6.395386
153 16.063305 0.231888 26.167236
154 3.246231 8.861954 62.338135
155 5.435791 4.328400 40.961426
156 1.982296 1.026474 9.069946
157 1.052002 1.329208 0.587524
158 17.683228 3.794785 93.652710
159 6.728012 6.142838 35.732544
160 6.465195 0.724030 117.886353
161 23.177887 3.309860 52.954956
162 5.107162 9.253952 75.420044
163 16.599487 2.857040 66.724121
164 7.702197 4.670685 15.993896
165 28.121857 2.900757 32.187134
166 11.365509 4.211594 58.670044
167 17.758789 0.787033 45.905396
168 14.320877 0.646484 61.560059
169 16.564026 0.995880 5.470947
170 19.676651 3.191040 16.204468
171 9.304947 4.652176 123.710205
172 27.669830 2.369614 67.849976
173 30.181213 1.368210 29.929810
174 9.873077 2.006363 4.121094
175 17.913574 5.160385 6.814575
176 11.431519 3.708481 21.016357
177 4.995911 5.303116 44.027100
178 14.784317 2.333633 59.733276
179 5.687805 4.463242 30.589355
180 9.227783 2.947418 9.186401
181 19.970673 13.089767 146.831909
182 7.107580 6.697266 22.688354
183 3.141470 1.145218 3.149292
184 2.200850 5.385635 39.153076
185 14.273285 3.244308 45.949463
186 2.134218 0.686325 5.080566
187 2.404725 2.413651 33.308228
188 57.180298 2.157669 95.346558
189 16.400513 2.785782 32.989014
190 121.814880 5.494644 101.622681
191 1.232299 11.220276 189.646240
192 46.479248 6.731430 213.775269
193 41.157871 3.638107 259.760254
194 1.362381 7.814957 143.925537
195 9.521484 6.089828 163.054077
196 33.668701 3.018616 13.102295
197 48.400574 5.808655 68.285400
198 19.837036 3.239120 39.086792
199 23.063049 10.073395 63.674438
200 29.544037 6.416733 61.143066
201 11.512634 1.005997 65.007812
202 16.620178 5.340729 22.998779
203 0.259949 2.106186 4.502197
204 10.353400 1.959244 58.457275
205 11.574142 0.808456 113.836182
206 16.467316 4.828552 96.414307
207 48.342804 6.611694 121.018066
208 23.758904 6.133026 216.393921
209 110.243896 3.494217 121.589844
210 0.116516 4.932114 10.835327
211 56.639038 0.778168 45.400391
212 37.400085 0.738739 12.015137
213 20.649841 2.862106 31.679932
214 8.511719 9.924286 235.201782
215 27.293854 4.915375 50.019531
216 20.123840 3.230499 80.385498
217 300.805756 11.743042 142.273193
218 31.479279 2.966904 36.463257
219 12.396484 1.480682 37.582642
220 33.171143 0.418900 2.699829
221 16.261841 0.880402 22.699585
222 27.741699 2.025314 80.165527
223 29.299271 9.104752 164.541016
224 26.642914 4.032028 36.760986
225 8.865112 6.786896 68.836670
226 1.186859 1.678101 15.599365
227 15.106476 4.192917 161.867310
228 3.224854 1.156723 24.398315
229 24.325089 7.298767 141.874878
230 42.259369 8.870834 132.305542
231 15.218994 2.128632 29.417969
232 27.983307 3.214188 73.717651
233 20.635818 2.029709 103.866211
234 18.726166 2.424561 29.499146
235 23.171204 6.084808 120.731201
236 15.241821 5.386673 58.332275
237 37.224792 3.821655 64.045532
238 28.013000 9.748520 89.050903
239 22.848915 4.654007 92.667969
240 22.435974 2.574112 56.250977
241 14.700989 1.034424 19.840820
242 3.529572 4.473251 92.775513
243 0.592377 1.947723 47.511963
244 20.579758 3.805893 39.797974
245 164.893258 7.403320 85.442627
246 13.543503 7.501007 84.354004
247 37.148560 0.968674 68.522095
248 15.822357 3.355560 2.723389
249 23.891054 5.664291 33.638428
250 33.051666 4.271927 64.476685
251 4.997665 4.097137 6.076660
252 10.695404 1.072922 3.590942
253 6.509811 1.529465 42.438232
254 5.331482 1.498413 20.399902
255 23.732788 3.978699 50.431396
256 12.061157 0.366470 5.929688
257 19.102203 4.854462 129.984131
258 23.027802 4.686539 63.566528
259 15.955658 2.676804 31.479370
260 11.456009 3.328812 52.014526
261 28.362534 1.163574 33.794922
262 59.203979 0.255203 3.836426
263 27.706512 7.341812 143.840698
264 33.179047 7.120285 117.790161
265 23.085907 3.675064 43.562622
266 39.551069 10.002304 130.962280
267 17.519745 3.239136 168.426880
268 1.219421 0.303101 12.964722
269 34.820953 3.981827 7.318726
270 31.017509 7.549179 189.089722
271 0.548340 1.048950 4.908569
272 296.570160 15.477417 300.691040
273 35.490723 3.124756 132.632935
274 24.843582 3.449738 152.061523
275 5.760376 0.975677 22.529053
276 79.425476 4.734161 57.615845
277 26.020813 2.994186 36.577026
278 13.939178 6.408539 25.442261
279 42.686249 4.411285 48.209839
280 6.289978 2.867416 50.104614
281 1.410591 6.017776 172.812500
282 32.237122 12.234131 215.070557
283 42.768066 5.559479 151.955444
284 9.756622 0.337997 80.242676
285 5.892433 3.628922 4.702393
286 14.655151 1.820221 87.946411
287 17.460434 0.508820 21.877441
288 28.349114 10.201141 161.234985
289 3.467407 6.664108 105.572021
290 10.255615 5.763138 133.488770
291 27.558754 0.440033 16.503418
292 16.140656 0.876099 39.324707
293 27.949516 2.057556 85.959106
294 19.023788 5.127869 185.635620
295 33.867462 6.138260 172.914429
296 17.570663 4.876801 63.653687
297 9.575794 4.931473 113.155151
298 47.185333 4.373322 49.891968
299 21.091949 0.699631 48.958618
300 7.888153 2.322250 44.356689
301 43.694717 0.059387 31.787964
302 2.082230 0.507767 7.035645
303 7.809456 3.629517 4.978882
304 2.278051 3.028931 62.244751
305 2.725784 0.583740 28.505493
306 17.479645 0.509155 25.606201
307 5.486404 0.694138 63.213501
308 38.846214 0.785751 23.742798
309 15.565216 4.930771 52.364502
310 2.714050 2.717896 27.221191
311 6.242653 9.274582 25.505981
312 24.910019 7.619431 56.588013
313 14.689667 0.407913 11.338257
314 19.933044 0.210144 5.789307
315 13.817101 5.306183 24.808105
316 12.646282 3.038727 38.723389
317 3.184753 2.136978 67.405762
318 12.327682 3.501709 48.766846
319 0.042267 0.007370 46.445923
320 3.705292 0.491470 24.796753
321 64.287567 4.317688 59.507202
322 10.841431 0.002609 57.120728
323 14.559087 1.758057 11.114624
324 8.023804 3.268539 55.496460
325 16.729797 2.777710 88.576172
326 0.978027 0.580643 96.476929
327 0.488037 0.774490 14.371460
328 5.783936 2.151794 1.690918
329 1.730225 0.179764 1.562988
330 5.051270 3.673141 20.534058
331 8.982666 1.051392 7.468506
332 10.111343 0.441162 25.827637
333 7.874664 1.686234 31.057739
334 46.544495 1.344604 52.657593
335 11.498138 1.651810 5.601562
336 17.461975 3.187515 5.982666
337 0.663818 0.277924 23.278442
338 9.337219 0.711960 20.556396
339 3.143372 1.365814 18.854858
340 13.651237 5.943787 79.274902
341 18.987850 0.524704 76.610840
342 2.748066 0.468170 2.742554
343 0.156703 1.936127 36.942993
344 0.145422 0.663986 0.394409
345 12.704041 2.984207 1.369385
346 0.993591 0.385696 34.364258
347 9.734680 5.528229 67.376831
348 7.443436 0.258102 39.276855
349 11.986349 3.991333 11.352783
350 1.441086 2.051102 3.411865
351 20.812317 1.278854 21.435669
352 217.898727 4.990921 51.576416
353 13.914593 0.602432 4.580933
354 17.057190 1.390671 20.298706
355 12.019989 5.900330 70.552979
356 4.771606 1.991058 13.819946
357 4.736908 0.988922 16.463501
358 0.551674 2.183762 7.155273
359 0.530495 2.695206 21.388916
360 98.540680 4.615707 0.713135
361 31.598602 1.089615 30.795166
362 20.090271 0.087082 52.173828
363 12.818542 2.728775 44.221313
364 6.228714 0.483414 28.100830
365 11.457108 1.234131 15.181519
366 6.434570 0.090836 38.670776
367 20.951706 2.256348 47.695312
368 2.368301 1.878708 49.521851
369 4.769165 3.566559 28.243530
370 4.534348 0.408173 31.525879
371 17.060913 5.071320 42.709106
372 6.419968 0.707260 13.362671
373 0.167778 1.242325 8.802490
374 26.728516 3.165115 60.845337
375 6.979218 1.193710 14.040283
376 30.181007 2.186584 77.627808
377 8.034546 1.247635 59.097656
378 6.869110 2.148346 0.803467
379 36.298523 2.426941 13.450317
380 5.839844 2.522568 44.419678
381 32.120677 3.472397 45.215210
382 0.570599 0.634415 24.822510
383 0.186966 0.499374 31.429810
384 1.089325 1.162689 1.005249
385 16.731544 0.641479 22.192139
386 4.067215 7.122604 13.486572
387 11.385639 11.534409 6.268555
388 3.835392 2.854843 23.096680
389 3.740417 1.649597 27.837158
390 10.198959 3.692703 51.818604
391 10.883484 2.512146 0.478271
392 12.328125 2.715881 3.777954
393 13.204651 0.699249 22.192383
394 4.180573 2.469727 2.269043
395 4.543121 1.197510 27.138306
396 18.676091 4.813248 13.552612
397 1.837509 1.144669 13.948853
398 16.554677 2.142395 23.080566
399 19.605225 2.054260 20.305298
400 5.274414 0.671616 12.584595
401 10.204895 2.786133 49.563477
402 6.037537 1.635742 21.958374
403 1.277359 3.065231 43.202393
404 4.944550 0.734909 14.118164
405 35.923279 0.125671 32.139160
406 11.045197 1.874710 13.318115
407 13.845825 0.956635 36.342651
408 18.006012 0.467911 7.277222
409 1.296906 1.525269 8.171021
410 16.961288 2.935425 16.638062
411 11.024628 1.800964 3.246826
412 21.235535 0.799911 7.113892
413 35.176392 6.970474 13.471191
414 1.246735 4.179565 14.865356
415 7.643402 1.377960 72.114868
416 6.189484 1.714630 36.709473
417 24.447357 6.028687 20.108887
418 11.284790 2.289047 3.868896
419 2.400543 1.149033 43.037720
420 8.090714 1.127090 30.353882
421 8.515167 0.549606 5.409668
422 12.702545 4.938248 24.064331
423 15.166901 2.868240 1.915649
424 25.284180 4.762650 38.458984
425 14.813965 1.527618 19.335205
426 1.613831 4.961136 30.963135
427 9.639450 7.165695 50.693359
428 4.885422 3.411774 65.840332
429 11.346710 0.636993 35.203735
430 15.043274 4.550247 41.306030
431 31.646057 5.627121 57.611450
432 2.545288 4.851349 42.742554
433 4.344910 0.506958 66.901489
434 7.813416 10.660461 39.267578
435 8.539917 2.853134 88.544800
436 12.578186 5.002502 42.918579
437 5.084381 3.959305 39.291260
438 20.593353 3.127060 44.417847
439 24.723663 4.982391 31.449219
440 2.224335 0.746979 52.578369
441 26.736649 2.678894 8.814819
442 1.096954 6.192490 82.021118
443 7.294586 1.229111 19.247559
444 0.664734 3.513809 34.515991
445 9.621437 2.615829 25.548462
446 5.472458 4.477768 19.458008
447 4.025536 1.367813 53.264038
448 56.025208 0.411469 75.840088
449 54.520294 2.782959 69.972778
450 38.437988 0.534775 26.765015
451 15.210571 1.601685 53.751343
452 16.438171 2.739731 2.805908
453 1.487007 5.278519 41.604126
454 38.405151 2.899658 49.363770
455 0.977371 0.911896 44.644897
456 29.928467 1.731247 45.278320
457 12.005493 1.218292 19.237183
458 33.379456 1.214340 9.466309
459 8.992218 0.464783 36.224731
460 23.215332 1.694168 5.440186
461 24.642456 1.386154 49.510986
462 32.896103 1.979218 2.989990
463 33.596237 2.302979 29.013550
464 5.321579 0.160660 17.583130
465 130.453491 11.575699 49.469116
466 10.283569 2.174667 55.161499
467 12.516434 9.987167 243.607910
468 28.301018 8.633286 207.103027
469 11.112991 1.857925 51.889160
470 34.813965 6.928482 85.623047
471 11.922974 0.681366 11.390137
472 90.051575 4.028549 96.878296
473 5.134583 5.699997 96.108765
474 11.761658 1.741074 66.040283
475 11.967663 1.842773 40.147949
476 10.479065 7.880234 65.847656
477 2.390839 0.394775 0.095947
478 44.210205 3.084534 11.351562
479 5.682144 2.457687 9.370667
480 27.327194 1.301376 15.637695
481 1.535706 0.279221 16.821533
482 1.454582 0.387192 11.649231
483 31.970871 1.467957 16.322876
484 11.078583 0.615570 1.145264
485 14.470650 0.075378 5.986084
486 5.765015 0.621307 7.683167
487 12.263977 0.347931 0.040466
488 9.622534 0.532211 3.813232
489 14.876312 3.094254 0.068848
490 28.689690 5.517609 120.764160
491 36.481644 3.112549 106.458740
492 29.364449 1.242416 1.271118
493 11.009476 2.709091 2.335693
494 11.872410 3.821823 25.345825
495 2.769379 8.393723 3.050537
496 11.710938 0.080292 23.445679
497 11.718216 0.616104 0.743774
498 4.642212 2.589264 16.416748
499 1.599197 2.596756 6.286255
500 15.133102 8.819061 3.963013
501 9.341476 1.828247 7.743652
502 21.538025 0.268143 28.327515
503 42.959518 3.326279 164.546997
504 45.993866 2.947433 162.425537
505 59.445343 0.574341 161.555054
506 21.635925 0.225754 164.425293
507 17.813507 0.748123 2.446167
508 28.792114 2.804794 173.478516
509 9.184204 13.489319 145.540894
510 3.450638 8.086380 12.667358
511 0.550720 1.931854 19.853333
512 4.978760 2.308395 19.290955
513 5.143700 0.709869 16.370972
514 6.995461 0.475494 0.284729
515 6.997162 2.712936 21.399719
516 5.687408 0.583099 30.694519
517 5.784027 0.408066 10.243958
518 8.002167 1.170212 1.346863
519 26.874512 1.743912 29.744629
520 4.891571 0.465973 30.932007
521 21.218885 1.550415 1.071167
522 2.320400 0.192917 11.112427
523 1.748672 0.385193 4.471558
524 1.441048 0.683990 4.607300
525 3.324284 1.231094 19.016357
526 4.223099 0.218063 22.264160
527 11.214935 3.906555 4.465332
528 10.401180 0.692200 32.354492
529 18.885895 0.766251 27.013306
530 14.963470 2.633011 29.010986
531 7.445526 2.809952 25.717651
532 4.253317 2.319458 30.367188
533 9.584641 2.022476 15.560059
534 10.460052 1.442520 0.072205
535 13.438095 0.894684 11.541016
536 3.363312 1.532837 6.532104
537 3.298553 2.327713 19.967163
538 1.928741 2.104919 10.255371
539 2.359089 1.484543 5.223877
540 9.873249 0.410889 8.174316
541 5.938942 2.732910 3.950562
542 11.271339 1.274277 4.130249
543 4.195316 1.288925 0.185669
544 3.876255 1.459976 4.265625
545 1.147842 0.257202 3.912354
546 22.220968 3.908600 22.676880
547 2.599682 2.851501 6.697998
548 8.402191 1.336884 11.230103
549 26.662689 2.055496 25.422729
550 13.241318 3.746750 11.908203
551 12.763397 2.291611 0.501221
552 5.107941 0.270355 2.959473
553 20.727142 5.801239 5.067139
554 31.560303 3.611359 60.721069
555 10.957153 2.975571 58.642456
556 3.200821 2.803558 0.476685
557 14.079285 10.162231 25.064819
558 4.873436 1.153381 20.763306
559 16.500854 1.295990 31.584106
560 46.667542 2.976715 113.080200
561 24.901984 1.735626 35.528076
562 0.419891 2.242767 7.025146
563 9.483711 2.854736 21.873291
564 5.770866 4.469086 10.908325
565 31.066956 4.028259 12.295654
566 10.918640 1.741516 0.233765
567 0.143188 1.662292 1.246582
568 8.182676 1.874115 5.715332
569 28.990387 1.050507 81.816772
570 2.843895 11.528931 103.024902
571 1.705582 1.294708 169.531372
572 45.540416 4.668594 123.510376
573 20.433174 1.882584 17.466553
574 22.590302 0.939835 59.238037
575 8.188873 0.750824 37.702759
576 6.045475 2.243240 37.184082
577 1.424149 1.448608 1.036621
578 6.611542 2.591171 11.652344
579 41.615234 1.349594 149.533569
580 4.064514 0.787369 58.318970
581 8.819122 1.464676 61.043213
582 1.502716 1.411499 4.250854
583 0.886047 1.389954 6.595703
584 15.521760 2.325134 22.852051
585 4.823486 2.365067 11.280518
586 20.880463 0.153534 29.284424
587 7.458160 5.375488 29.389343
588 11.899567 2.201782 1.788818
589 1.112251 0.994476 1.436646
590 2.843693 0.960205 13.702515
591 0.681244 0.112534 0.042419
592 47.260406 2.432556 9.438354
593 9.526810 4.079056 20.190430
594 10.511032 3.834442 27.721741
595 5.724487 2.697098 3.560852
596 16.889999 6.077560 20.755005
597 3.778778 0.911057 13.764221
598 0.382568 1.861588 10.090088
599 11.334534 3.146545 19.555359
600 17.489670 0.720200 14.053101
601 82.400766 4.420609 3.074890
602 0.691605 0.986893 9.242310
603 0.280273 2.048233 39.076050
604 6.485855 3.189438 3.555786
605 1.523022 1.828003 18.675964
606 14.971195 2.148224 24.479218
607 10.078081 1.008041 8.777039
608 3.429645 4.851685 11.980103
609 21.653950 7.348892 27.534424
610 8.390656 1.756577 42.014130
611 16.728180 2.464508 15.114777
612 20.426483 3.027023 8.408691
613 17.845955 2.207230 4.367828
614 17.115578 2.021927 6.511047
615 22.426498 4.326157 6.839386
616 17.054646 5.998749 31.413330
617 15.307755 2.400726 11.875854
618 26.340576 1.188080 52.078613
619 31.660889 2.377625 65.301636
620 4.410119 0.046371 133.270508
621 13.562469 2.369781 38.053467
622 11.992645 0.412384 15.300903
623 28.548782 6.919159 74.991089
624 0.154857 6.428207 3.853271
625 25.352509 4.845352 0.764648
626 12.669373 2.700516 33.744751
627 0.946777 1.428955 5.994629
628 6.754395 7.323578 49.765259
629 1.254242 0.955139 22.463013
630 20.164490 6.045288 18.284058
631 54.097412 5.432831 65.114502
632 9.385468 2.168259 46.078247
633 8.988159 8.405853 11.225220
634 2.541378 0.503571 29.468140
635 12.999100 3.131851 51.390869
636 3.223251 0.698685 17.965942
637 4.711319 2.031494 31.477783
638 13.712517 3.052429 89.580444
639 12.558624 0.326172 27.889771
640 1.545959 9.915359 36.102417
641 308.110435 8.996704 116.196777
642 0.413452 6.059464 173.181152
643 11.638702 1.068680 5.868042
644 24.030319 0.875931 0.410645
645 3.616211 0.986511 55.483032
646 18.616968 10.607727 73.151245
647 22.181244 6.921951 73.308716
648 17.880585 3.129013 88.703491
649 0.816757 11.369888 22.936401
650 38.213257 1.378311 16.102295
651 1.551960 6.226700 147.558472
652 41.548492 4.196045 112.650146
653 3.478863 3.993622 146.450806
654 29.270874 1.282181 41.593872
655 38.254456 1.858978 14.955200
656 23.596968 5.476898 143.476929
657 15.115540 5.656052 80.926270
658 33.305579 4.025711 112.909790
659 18.570251 8.712921 74.464355
660 27.883423 8.538116 12.751343
661 0.174271 8.396103 141.008057
662 34.258713 2.371933 154.822998
663 6.064362 0.686569 72.483398
664 3.560843 0.679077 32.923096
665 1.995773 4.342026 7.920532
666 14.478638 2.501358 31.868652
667 40.059601 7.994644 93.136230
668 14.320923 5.831421 10.590698
669 6.469315 13.169861 206.611450
670 4.695618 1.249008 66.161011
671 0.698799 2.128815 0.107788
672 9.426010 8.036957 23.127686
673 20.686279 0.745422 16.734741
674 24.262390 1.991959 9.139893
675 2.900986 0.501205 7.285522
676 29.275177 4.768539 122.351807
677 11.112640 7.738831 5.097900
678 2.244848 0.808563 55.777100
679 12.388123 3.073746 87.716064
680 3.053802 0.386246 40.289673
681 16.575958 3.196793 64.041382
682 17.497086 4.490585 12.630127
683 19.209137 1.766830 134.878662
684 1.044044 4.671448 12.621826
685 16.853424 5.214813 173.576294
686 0.118011 0.740936 7.001465
687 2.707161 0.996048 11.235596
688 3.965210 11.017578 61.398193
689 1.213411 0.594452 5.034912
690 16.091064 1.382172 4.504395
691 21.391327 3.671692 59.617310
692 20.759918 6.708878 45.715576
693 19.267317 11.090393 60.554443
694 2.267319 1.713669 60.005859
695 23.642029 1.587448 0.195190
696 3.975601 1.569916 22.351074
697 9.867493 1.741333 10.453125
698 16.724152 5.417404 11.719482
699 0.893169 3.734238 75.138062
700 0.516235 1.395874 19.779053
701 1.321171 0.001633 13.005005
702 4.398422 0.720825 8.976807
703 38.304955 17.110382 211.912720
704 1.112068 1.503448 44.762451
705 39.026276 6.564636 34.986572
706 6.605865 1.335861 3.265991
707 0.611725 2.093079 10.508667
708 15.912170 0.588440 36.248047
709 10.292603 0.363327 3.211426
710 3.393448 1.659714 15.523926
711 22.537582 3.667618 27.685181
712 41.672913 6.597031 181.881714
713 31.536453 2.307755 23.321533
714 4.424030 1.857666 2.781860
715 8.187408 4.692398 9.914307
716 6.903806 8.890289 0.051025
717 16.810593 3.713654 21.188965
718 42.390076 1.258728 29.007324
719 4.312317 5.079758 34.179443
720 268.257668 1.798370 24.909790
721 6.988960 2.282990 4.193115
722 4.001183 7.655869 17.715942
723 16.263718 8.106476 48.157959
724 8.731308 8.870743 50.951294
725 6.525085 3.099365 14.423340
726 23.454346 2.423492 25.386597
727 17.598785 7.615387 20.297607
728 56.677673 9.621918 180.310181
729 2.975708 7.768753 15.145996
730 32.399231 3.926071 35.212280
731 44.659416 5.152985 63.559570
732 2.063080 2.085312 10.326416
733 1.120712 1.422440 6.954590
734 27.431976 3.442825 16.159546
735 48.190979 9.944351 149.056274
736 4.357666 7.348770 114.470703
737 49.546753 9.217682 54.198120
738 7.922516 2.195480 1.900879
739 21.082249 1.375687 28.356567
740 19.762268 2.580566 28.368408
741 16.817970 2.850540 8.457153
742 19.242859 3.065033 47.957642
743 9.466858 6.761322 53.715454
744 14.087341 0.175430 73.006226
745 2.515869 0.195770 90.937378
746 39.681512 1.061142 73.888062
747 5.144119 0.421875 12.484009
748 2.618439 7.190598 46.205566
749 7.267700 1.222443 7.041748
750 4.762482 3.207901 2.752441
751 0.344818 2.037018 7.420898
752 34.580292 0.547546 112.337769
753 10.574921 1.918167 14.509033
754 18.587036 2.794266 65.554565
755 1.458420 0.660248 4.729126
756 10.808609 4.117661 161.044800
757 22.971863 8.961060 179.613403
758 3.705967 3.569305 62.460449
759 12.864342 3.258850 38.852661
760 4.934694 2.784943 8.825684
761 3.183712 7.074509 22.099854
762 5.648819 5.400726 150.132080
763 38.618347 9.268097 169.930176
764 19.431091 0.574814 10.399414
765 15.353516 2.836212 24.672852
766 2.119690 0.246506 42.187988
767 5.150391 0.807648 1.084106
768 6.556274 2.546173 18.265137
769 13.151154 11.250366 49.498047
770 6.806259 0.943161 4.654053
771 10.131256 2.142273 16.664551
772 26.683777 1.847900 18.109131
773 8.918774 5.224487 24.732910
774 16.987564 0.589722 33.334717
775 1.182419 0.818420 26.929077
776 4.070343 3.354813 25.835083
777 7.264015 0.319214 9.700562
778 27.275269 8.203644 1.929321
779 12.017403 3.213440 53.334839
780 1.785446 2.616440 47.132202
781 22.313843 0.039322 33.065430
782 3.732208 2.097519 25.490601
783 4.098991 7.691696 215.847534
784 19.951584 20.514923 227.764893
785 31.598282 2.838867 20.102417
786 8.596985 1.841873 19.655762
787 31.779297 9.682404 17.653809
788 7.991516 4.067642 29.466797
789 17.651459 7.235916 44.955322
790 21.522797 3.039566 58.436890
791 11.802032 2.976685 55.765259
792 0.994781 2.455231 22.536255
793 45.149853 1.664749 0.684204
794 6.967728 4.690399 10.688965
795 12.340881 3.456512 21.590088
796 15.010986 7.696793 129.768433
797 39.333337 0.789841 14.440796
798 16.980042 3.560150 16.663574
799 0.129433 1.884933 28.270264
800 16.742706 2.133041 44.817383
801 17.251373 0.686325 66.576904
802 193.567566 1.493698 38.418457
803 12.642872 3.517593 5.085693
804 10.610779 3.518158 65.648071
805 18.242615 0.803879 33.406372
806 5.741966 1.782715 10.034973
807 6.303593 0.782715 4.871826
808 9.156769 1.936249 8.191589
809 1.661026 0.147110 10.526611
810 23.296310 0.102066 5.979858
811 13.098297 0.497223 4.049744
812 2.087421 0.286957 11.142273
813 8.747856 0.485443 0.278381
814 5.235817 2.537064 16.082642
815 11.883652 6.347717 13.940186
816 14.268204 3.016968 17.365356
817 17.678284 1.083817 10.343994
818 9.355225 0.844467 11.918335
819 4.531170 0.910233 5.715332
820 3.821869 1.512756 11.348022
821 14.124634 2.197937 26.332703
822 13.769012 6.314484 4.840942
823 5.682528 1.662949 16.372070
824 5.791977 4.931793 12.288208
825 96.377655 4.733673 14.125000
826 5.876250 10.851440 10.402954
827 15.684514 1.134232 23.537720
828 17.747157 0.029266 8.292725
829 4.663750 2.449005 4.368225
830 12.800529 1.850662 7.241577
831 0.631493 0.158524 7.051270
832 8.377472 3.172729 2.236389
833 1.150757 0.194458 12.987061
834 1.652039 0.908081 16.138367
835 12.822670 2.163773 5.710938
836 0.163261 1.262329 7.168091
837 0.973137 0.736023 1.752563
838 7.413498 0.462204 6.023132
839 0.320007 0.310501 10.540405
840 13.101562 0.694519 1.822815
841 18.268867 0.428940 24.716492
842 25.744999 1.300980 4.920654
843 2.592896 1.246033 6.635864
844 3.740128 0.686279 7.784912
845 3.612968 1.070023 11.333801
846 2.325081 1.856964 9.123535
847 2.807434 0.978027 10.866333
848 0.211494 1.615936 21.253906
849 7.490644 9.437317 16.762451
850 5.966963 1.334427 2.255493
851 5.113457 1.647720 4.390869
852 5.018806 1.429138 0.486328
853 7.030273 7.231583 10.951904
854 2.874954 2.557983 45.786133
855 17.255173 8.617065 4.630615
856 0.017548 2.989227 15.585327
857 5.931368 2.233109 16.061401
858 3.293270 1.151794 31.083740
859 22.358856 1.029602 28.848999
860 8.607880 1.049210 18.387207
861 1.134125 0.045258 6.907349
862 3.007599 0.110840 4.037964
863 6.153259 0.419510 22.306885
864 27.080261 0.973450 11.950195
865 17.910482 9.195190 3.868774
866 9.475487 0.367340 20.653564
867 3.873444 2.866806 29.746582
868 15.789581 7.470963 80.940186
869 14.417053 0.243393 20.495361
870 26.734009 3.191818 42.069214
871 37.208305 2.405289 8.513306
872 3.233978 7.554260 30.334717
873 6.151062 0.228653 17.292725
874 0.696289 0.848892 6.499634
875 144.280607 0.577240 21.304688
876 6.240189 1.881393 38.737305
877 27.630058 1.428711 9.777344
878 7.786041 0.801544 3.491089
879 8.762695 2.958496 6.538940
880 20.407272 1.451202 0.356445
881 36.408188 7.650757 9.263916
882 210.601547 9.147720 5.046875
883 19.954952 1.880615 29.316284
884 1.979183 0.058838 8.983032
885 7.359833 3.399872 11.738403
886 2.831009 2.190994 5.374390
887 7.733246 9.062851 7.673889
888 30.988724 2.452454 4.197144
889 8.623466 4.659210 29.506104
890 4.429535 1.021759 26.242798
891 27.488037 1.501038 18.259766
892 3.839611 1.386414 6.753174
893 23.591110 10.848312 20.310181
894 119.997139 2.170853 21.277222
895 2.241150 1.101166 3.921631
896 8.243530 3.227310 42.229309
897 3.785522 0.204239 58.951660
898 16.259739 3.454865 10.611084
899 12.011414 0.716110 2.650269
900 7.541016 1.325531 19.187988
901 10.552250 1.190308 30.677979
902 5.821106 1.828140 16.230835
903 4.142899 3.008179 7.331787
904 16.186783 2.968338 0.368042
905 120.386192 4.654816 40.866577
906 0.638290 0.583374 15.423706
907 1.826828 0.044632 9.798584
908 10.654510 1.473541 0.466309
909 2.424095 6.407288 26.869385
910 2.402771 7.507385 13.346313
911 22.611267 8.650024 3.222046
912 17.619476 2.383957 8.157227
913 7.931519 3.493668 1.942871
914 3.299622 11.505203 51.018433
915 17.750413 2.866180 18.133179
916 3.063740 2.404541 32.900024
917 7.166138 7.043228 13.671265
918 120.006470 4.869064 58.037964
919 9.244888 0.127197 40.398926
920 4.197159 0.787689 38.521729
921 18.039200 0.115570 30.709351
922 28.608776 0.899658 6.428955
923 0.268250 2.991180 26.208252
924 2.905304 3.795700 63.209595
925 50.536591 2.905487 19.797363
926 4.115784 3.832413 45.395020
927 3.657562 3.857269 44.880737
928 24.266022 1.789154 27.606201
929 0.927734 1.422897 39.857666
930 12.721222 3.025345 46.672607
931 9.910469 6.827332 13.218262
932 33.571976 1.906204 9.528320
933 4.556553 0.619690 10.882568
934 3.138306 3.773987 35.447510
935 32.803340 3.672073 14.166016
936 12.252502 0.564056 4.819214
937 19.498341 0.090790 26.265869
938 15.064087 4.237656 7.987305
939 11.218262 2.350586 16.308228
940 11.373230 6.720398 27.590210
941 24.591988 0.637482 23.165527
942 0.253124 0.583633 0.823975
943 1.413162 0.159088 4.154297
944 24.292282 1.388580 3.844238
945 4.734299 1.406540 48.982544
946 5.442688 9.097107 52.931763
947 22.899872 10.970947 95.582275
948 160.556425 5.123383 26.876953
949 320.879372 9.327408 31.693237
950 4.836334 4.596848 61.478394
951 3.737671 6.455582 46.093628
952 31.262054 4.805298 63.048096
953 1.238190 0.612762 44.679810
954 18.990753 1.941788 37.615967
955 14.617338 3.331787 39.359009
956 12.332886 0.316162 12.074097
957 0.488075 2.575012 42.489136
958 6.410919 7.579742 89.691772
959 14.444519 4.970734 13.790771
960 3.228973 0.723892 2.381958
961 11.521179 2.645386 2.901611
962 0.650873 1.107025 29.246338
963 1.651556 0.563400 12.985718
964 0.966488 0.156097 4.948975
965 36.516296 6.905930 13.701660
966 13.851440 5.384399 34.375000
967 1.107300 1.093491 3.645386
968 24.173676 4.764587 107.713745
969 27.752167 7.584000 29.188965
970 17.182014 9.942200 6.538452
971 32.210602 4.340149 41.697021
972 41.375259 4.479919 49.492676
973 41.317947 4.294617 78.901245
974 12.304169 7.089386 54.585083
975 6.241524 3.607971 10.535645
976 12.954865 11.713211 25.498901
977 38.784821 2.042877 38.294189
978 27.066345 1.727859 52.854248
979 1.468124 2.715622 32.263550
980 20.082336 1.694336 15.642090
981 25.586914 9.046188 28.016846
982 32.447052 5.530365 75.999634
983 11.127449 8.048599 28.623047
984 2.372025 1.123993 4.730835
985 0.164459 3.600296 7.070923
986 10.041046 0.319626 0.362793
987 2.073364 1.837814 39.702148
988 7.688354 0.342514 36.905273
989 178.549999 9.157288 81.042725
990 1.160980 1.920792 17.584595
991 14.197968 1.727188 39.276733
992 17.500977 1.002945 34.765991
993 15.573730 0.976746 15.377686
994 9.016832 3.222565 65.103271
995 180.581070 4.480286 84.142944
996 36.980988 3.735672 7.881104
997 10.325806 1.225723 2.122681
998 12.579147 2.269882 21.215332
999 2.497482 1.026627 11.348877
1000 23.627686 4.832199 17.848511
1001 13.196148 4.372589 2.946655
1002 8.712952 2.551208 47.580200
1003 31.888855 2.574203 26.852295
1004 4.801697 0.684845 16.735718
1005 19.510895 0.762634 14.956543
1006 14.679260 0.033127 6.901245
1007 10.081619 1.261612 31.953735
1008 4.766479 0.612000 27.330200
1009 9.415604 3.110001 34.711060
1010 0.666870 0.154465 4.700195
1011 11.075699 1.631714 9.350586
1012 3.157452 0.569473 3.503296
1013 0.021427 1.524048 30.997314
1014 14.030792 2.857941 1.212402
1015 25.783813 1.246811 14.631226
1016 18.200439 3.426483 41.952026
1017 3.294350 1.810730 81.037720
1018 0.467720 0.512909 28.776367
1019 1.438187 1.429474 11.612305
1020 27.031845 8.706512 4.526123
1021 9.653610 3.635757 4.134888
1022 209.328156 5.916916 12.222534
1023 4.648363 1.293961 5.219116
1024 5.465282 0.093491 16.068604
1025 20.893921 2.691574 6.270996
1026 4.590607 3.319412 46.966675
1027 4.384628 4.551941 47.578369
1028 15.395050 2.791870 52.332397
1029 6.060959 0.836746 40.700806
1030 2.091152 1.669327 9.035645
1031 4.837425 1.280258 13.473511
1032 0.848229 0.264267 23.411865
1033 1.627350 0.538956 1.978149
1034 8.396210 2.798767 17.231323
1035 1.498924 6.240417 6.553467
1036 11.181025 0.031219 26.721436
1037 1.581596 1.653610 61.815430
1038 0.961353 0.963959 14.722534
1039 32.224289 1.123337 1.301392
1040 105.844401 4.162949 29.709473
1041 1.944382 3.082275 19.513062
1042 28.182999 4.919189 32.196655
1043 3.344116 0.814774 69.682678
1044 0.732758 0.343140 3.328125
1045 15.349289 0.812851 11.345581
1046 8.265778 1.233231 40.009888
1047 5.061798 1.095428 5.082031
1048 7.752075 3.086105 22.813782
1049 8.058197 1.542145 0.813293
1050 2.172379 0.504349 1.937805
1051 2.478516 2.228653 7.601685
1052 15.071320 2.515671 20.190918
1053 21.172935 12.198639 3.665283
1054 7.001343 0.723373 13.070435
1055 16.951744 1.256409 3.614624
1056 22.391052 3.133270 31.781372
1057 7.993210 0.141052 30.767822
1058 10.415009 9.221985 26.995361
1059 17.403671 0.455414 25.127563
1060 26.563522 1.116653 19.928955
1061 8.243286 1.399216 46.185547
1062 0.038330 3.190964 38.698730
1063 30.603882 1.260086 39.529907
1064 13.319538 2.713165 63.971313
1065 5.790207 5.399429 75.444824
1066 11.526031 0.482681 9.353027
1067 10.888929 0.912659 35.035645
1068 8.885818 5.333054 3.689697
1069 34.239883 4.511551 4.689331
1070 1.671074 0.578720 1.285156
1071 50.174408 1.808167 23.431396
1072 45.331150 4.744522 9.742920
1073 31.573898 0.694885 7.723389
1074 5.444077 1.939423 23.531616
1075 8.753151 2.859299 17.727417
1076 4.974564 4.122101 71.623413
1077 75.962738 1.427536 48.968750
1078 120.297546 2.691910 105.003906
1079 9.444611 1.223038 49.230225
1080 35.344513 3.794907 7.369507
1081 0.507629 3.885620 4.482666
1082 31.648438 4.171860 3.101807
1083 16.048370 0.194427 33.914795
1084 1.074883 2.898697 3.885254
1085 3.881073 4.963028 37.546387
1086 21.270523 3.575562 11.097046
1087 33.825684 2.173676 29.745361
1088 3.181915 7.233154 5.800781
1089 10.594742 2.710876 12.556396
1090 15.775970 4.707367 3.134521
1091 10.301605 0.673325 23.924072
1092 7.498962 1.402847 22.438721
1093 7.389404 2.256454 12.885254
1094 2.446449 0.140732 60.552490
1095 4.063776 0.957275 6.487549
1096 13.171110 2.457306 12.303711
1097 7.546917 0.613754 0.736816
1098 0.693863 3.302567 32.375000
1099 10.917419 1.743362 12.450317
1100 28.669250 7.238724 13.112305
1101 6.853073 2.326660 6.448975
1102 6.887665 2.113266 0.201416
1103 1.906738 3.505280 3.154419
1104 34.122437 0.417740 4.090088
1105 12.503204 0.695602 6.442993
1106 18.309692 2.800217 40.444336
1107 11.709969 7.458649 28.670532
1108 4.263290 3.986160 32.424683
1109 11.260880 0.771713 20.069092
1110 8.638668 0.375793 1.972412
1111 0.792694 1.470032 44.551880
1112 14.468594 0.441803 46.723755
1113 12.179985 1.356186 25.677979
1114 20.636215 3.613388 32.706421
1115 2.941757 1.070282 26.334961
1116 2.080936 1.801193 19.896240
1117 16.221863 1.745895 11.084473
1118 7.328613 0.029739 3.505737
1119 7.215088 0.250290 0.092407
1120 1.256683 5.270203 66.833252
1121 12.923706 1.046204 0.591919
1122 7.619080 6.289276 8.677979
1123 5.210144 1.927490 25.389343
1124 7.709961 0.744186 15.963623
1125 12.613113 6.108292 15.748413
1126 20.728989 12.137100 48.386963
1127 9.958801 0.723602 45.238525
1128 10.098816 2.534271 8.359375
1129 10.594727 2.493881 9.982300
1130 1.879181 7.710831 8.948975
1131 3.784428 0.854324 5.429199
1132 8.075836 7.394485 10.555298
1133 14.745880 2.136536 24.543213
1134 11.711159 2.051804 11.375977
1135 21.626404 2.343353 8.380249
1136 21.422012 0.137222 30.118774
1137 8.151352 0.278244 10.385864
1138 4.161751 1.765640 3.430176
1139 8.777527 2.811722 23.098389
1140 6.461700 3.960526 23.436401
1141 9.547943 7.103912 9.355103
1142 1.866852 3.400772 11.877686
1143 3.855698 1.911133 33.258545
1144 23.569473 0.899536 0.531494
1145 1.423839 9.066605 14.366455
1146 11.721893 2.495026 5.190430
1147 16.290655 2.018982 22.366577
1148 21.540436 1.408340 37.386475
1149 2.118042 8.407089 36.262817
1150 10.470764 3.066681 63.608521
1151 8.058973 4.453232 65.606079
1152 13.182358 2.848343 9.663696
1153 28.245834 1.736877 15.175171
1154 18.894592 2.452866 24.392334
1155 18.816298 0.415070 35.821899
1156 3.067780 2.878403 5.052612
1157 14.304810 6.952789 22.055298
1158 19.686951 7.869522 13.411255
1159 4.579163 4.566833 7.258301
1160 23.432281 1.061295 46.627197
1161 7.969391 3.130188 13.206787
1162 39.196442 2.578583 19.618774
1163 9.932892 0.981308 55.970337
1164 34.622955 1.598938 0.656006
1165 4.026154 8.852005 42.952271
1166 1.169556 13.955276 24.734009
1167 1.779236 2.679047 16.744019
1168 44.977966 1.133667 23.344849
1169 1.275513 9.453201 15.146118
1170 0.059845 2.117325 11.293091
1171 3.098328 1.378311 37.499390
1172 5.317734 0.732513 41.510864
1173 22.798279 2.214966 0.816895
1174 9.996948 2.874451 53.643799
1175 17.017307 3.280228 52.353760
1176 2.085953 0.551926 41.009155
1177 42.777021 2.922943 27.280762
1178 6.589203 1.848236 59.617432
1179 29.034546 1.974030 18.586914
1180 5.490509 1.267044 1.239136
1181 0.762909 0.065216 20.966675
1182 18.099930 2.278351 11.516968
1183 29.599062 1.381180 9.551758
1184 7.038773 2.714111 8.422729
1185 10.067086 3.826920 26.980957
1186 5.085976 7.273834 3.578979
1187 5.317322 6.078049 50.573608
1188 10.489059 0.565125 3.978149
1189 26.124222 1.241180 28.437744
1190 3.569672 6.015488 85.835205
1191 31.081802 1.872345 42.528320
1192 20.746948 0.825760 9.276489
1193 13.824371 3.795303 10.535889
1194 15.030350 2.112946 5.017212
1195 7.029694 0.892639 22.424316
1196 4.054245 2.872650 6.206421
1197 10.437866 0.231003 11.743408
1198 5.849838 4.569901 13.912598
1199 13.239746 2.030396 31.945557
1200 0.016968 0.613922 36.229858
1201 18.729340 3.130035 21.932983
1202 4.750153 2.754166 3.119385
1203 34.480385 5.979858 22.867676
1204 28.957886 1.910828 17.899414
1205 33.416565 6.061478 25.319702
1206 9.622265 2.232239 18.800171
1207 27.062103 2.779709 0.753784
1208 15.361649 0.422852 5.907837
1209 18.676514 0.888123 4.579956
1210 0.251968 0.515137 16.111328
1211 0.632217 0.706482 11.595825
1212 9.780056 4.426834 21.230469
1213 8.125771 4.473068 63.936157
1214 17.346176 1.866745 65.319580
1215 5.234764 5.398163 54.686035
1216 16.555054 0.902649 14.168091
1217 29.697777 1.949493 2.386108
1218 27.272888 0.732788 15.194092
1219 4.645466 2.960724 24.982178
1220 17.179749 4.168945 25.945679
1221 10.780273 0.178848 20.172974
1222 14.811642 1.393356 0.134033
1223 10.025665 4.003754 9.134155
1224 15.481934 0.521637 60.891602
1225 12.950989 4.912766 4.306396
1226 7.317909 1.160553 24.130127
1227 13.365128 1.545883 4.057007
1228 1.847229 3.512375 42.384399
1229 3.272575 1.542343 0.666748
1230 3.302334 10.621704 84.081299
1231 16.027863 2.043228 0.353455
1232 6.441853 0.508316 2.754333
1233 14.880096 1.709656 2.052734
1234 6.382278 1.477432 7.153015
1235 0.904465 0.597122 5.075623
1236 4.842234 0.854599 18.977966
1237 4.885162 0.165436 1.247925
1238 9.117767 1.736969 0.192383
1239 2.284737 2.124283 4.204163
1240 13.868561 1.542923 2.079285
1241 33.625107 1.234314 9.100891
1242 15.147446 1.131180 4.957275
1243 16.259880 0.993118 1.555115
1244 8.252777 1.385880 7.346252
1245 17.950493 0.727158 0.734985
1246 11.243591 1.326614 20.773499
1247 9.919983 2.203613 16.975403
1248 10.138336 0.146530 8.423950
1249 15.778961 1.035187 9.441040
1250 7.786011 0.786209 4.568970
1251 4.569733 0.988235 24.896240
1252 8.490807 2.548080 6.012756
1253 7.316765 2.778000 3.324585
1254 1.879898 0.811249 22.190125
1255 74.411400 2.735672 19.713806
1256 2.547638 2.445557 12.179749
1257 1.890106 0.539505 1.095337
1258 5.789461 3.803833 8.501099
1259 14.494003 1.061386 27.337219
1260 10.576019 1.484558 10.314453
1261 12.707214 1.940521 11.716797
1262 15.624268 0.155548 7.252808
1263 9.989773 1.235092 6.111206
1264 4.956802 2.050842 4.824341
1265 6.413532 1.593323 0.582520
1266 7.299232 1.442261 6.323730
1267 14.394501 2.022095 1.407288
1268 2.727890 1.649887 9.644104
1269 2.611237 11.522339 37.146118
1270 11.438287 0.365891 27.325928
1271 12.956894 2.027481 1.658203
1272 2.211182 0.233475 5.736450
1273 3.395569 1.616226 7.936523
1274 10.833374 1.203568 14.363159
1275 4.721420 1.624664 21.837036
1276 33.275032 5.400040 4.393433
1277 16.773178 1.826599 7.933838
1278 4.594177 3.142776 17.038940
1279 17.869606 1.708344 8.552490
1280 23.353470 9.342270 10.869629
1281 0.021606 1.732117 23.313232
1282 10.256165 8.437042 9.808167
1283 2.736786 10.846390 13.940918
1284 22.423630 3.061539 14.256958
1285 17.116638 0.044739 25.035400
1286 2.673233 0.178085 30.641479
1287 19.725449 2.928909 14.629028
1288 27.034363 0.978653 2.519775
1289 1.923508 1.630112 34.781982
1290 15.918272 0.964127 9.583008
1291 5.037342 2.500992 37.921265
1292 5.663727 2.774155 26.763916
1293 5.051178 0.821915 4.872925
1294 2.957504 4.408371 16.173340
1295 6.537247 1.658905 33.800781
1296 27.003448 0.218079 60.342407
1297 3.653015 3.581131 31.198608
1298 32.869232 4.435684 56.435547
1299 13.438782 4.695786 29.479980
1300 25.095795 4.386276 19.429688
1301 20.206573 1.831055 20.733276
1302 13.798843 3.117386 13.392090
1303 17.266571 7.794861 2.092041
1304 26.135811 4.027161 23.890991
1305 22.751312 5.787674 5.484375
1306 4.928345 3.819656 0.501953
1307 44.851227 0.741364 16.012573
1308 42.154510 1.454041 9.426636
1309 5.131104 0.548798 8.441406
1310 25.524284 2.032700 24.725830
1311 13.426300 4.842972 20.026733
1312 12.943176 4.036591 15.904053
1313 2.731476 1.191345 9.139771
1314 7.308838 0.015747 2.290405
1315 19.003189 8.103119 33.441772
1316 12.338074 3.116669 9.713623
1317 6.985634 2.570709 43.680786
1318 39.589691 3.226868 14.634644
1319 4.452850 0.461838 6.396729
1320 15.850529 3.458374 0.644287
1321 16.511261 1.573349 0.294189
1322 27.141479 2.405579 33.856201
1323 23.000549 1.548080 12.766113
1324 9.377678 1.110992 2.122681
1325 0.482616 0.464966 2.770142
1326 12.197601 5.616714 35.908691
1327 20.450150 0.495590 40.434570
1328 12.827728 9.419006 66.433350
1329 6.798035 3.807785 43.485840
1330 12.262573 3.448746 46.910889
1331 0.559797 2.651810 50.934082
1332 0.303350 0.489883 3.956421
1333 0.303841 4.719482 22.024658
1334 4.768341 4.757065 45.695679
1335 17.350067 1.362473 30.819702
1336 2.039642 0.218430 43.223145
1337 13.816399 0.894485 8.779053
1338 6.626953 0.115875 4.507568
1339 8.811890 2.629669 54.081055
1340 12.052002 1.739914 78.996948
1341 6.644325 2.787476 61.200684
1342 3.561020 1.457672 10.555908
1343 34.110168 1.863388 28.307007
1344 16.935913 8.103546 29.713867
1345 6.391785 2.482895 38.054565
1346 23.069427 2.362152 3.140747
1347 46.790939 1.225098 83.995850
1348 175.421783 3.680847 6.797119
1349 28.116165 3.780151 17.863037
1350 3.376651 0.523849 27.337036
1351 0.127075 5.374420 7.698975
1352 33.408447 0.941711 56.319580
1353 38.230469 3.343887 69.194214
1354 3.617401 5.998032 57.265259
1355 0.632202 2.379013 43.203003
1356 49.569885 5.367798 76.248169
1357 11.404724 1.330322 8.433594
1358 3.520260 1.691956 58.305786
1359 6.612762 3.086349 1.301636
1360 3.717529 4.513901 18.362915
1361 7.946808 0.160980 30.402588
1362 29.379944 4.948944 94.689087
1363 24.335869 4.291702 89.880981
1364 2.828873 0.975693 14.074463
1365 32.241333 0.262695 7.379761
1366 162.966686 0.597000 0.947144
1367 30.126374 15.849762 51.076538
1368 19.192394 6.840408 9.068726
1369 2.690750 8.936111 24.064087
1370 11.956055 2.524658 43.788208
1371 25.376656 2.025696 2.334229
1372 8.114784 2.197708 31.776978
1373 13.131836 8.537033 71.718140
1374 12.339898 7.571686 34.984375
1375 1.212418 5.942200 80.213013
1376 3.534775 1.861572 41.361816
1377 7.994843 0.469925 39.639771
1378 6.810822 6.693680 63.780762
1379 8.738281 1.021683 2.453125
1380 27.438904 2.450012 69.909058
1381 12.493439 1.478928 53.474487
1382 1.496277 1.309036 9.099487
1383 15.920837 3.782349 23.809937
1384 30.216492 0.631317 13.878906
1385 3.881081 0.339005 2.883667
1386 20.284012 1.013046 11.217163
1387 2.830788 2.903839 65.680298
1388 29.524689 5.612106 148.540527
1389 28.818848 6.922852 59.567871
1390 6.081665 1.719330 41.684326
1391 1.019302 6.325516 40.532715
1392 6.273727 0.396683 1.438354
1393 113.041029 6.077698 60.065308
1394 2.787834 0.462585 14.097900
1395 42.257294 3.908066 24.596313
1396 17.153793 3.826248 74.006104
1397 10.012657 1.520050 37.756226
1398 34.590271 4.868408 78.942505
1399 6.432327 4.844711 95.225098
1400 13.898895 4.727982 143.267456
1401 22.697182 2.538864 30.788818
1402 16.144470 5.692902 5.564697
1403 11.561340 4.491898 51.631470
1404 0.685608 0.953995 22.709595
1405 2.334351 5.633347 11.274170
1406 2.767059 15.190369 125.944580
1407 12.572601 2.011826 62.226685
1408 28.950211 3.526581 45.769897
1409 12.868286 6.016281 81.843140
1410 59.745087 3.556900 3.466919
1411 22.653931 3.735901 0.145752
1412 11.246460 0.674301 42.131592
1413 10.359619 0.069519 14.860596
1414 0.022964 1.235405 0.942871
1415 13.002777 3.945816 49.929932
1416 168.510300 5.314972 46.904663
1417 1.488403 3.291519 10.011719
1418 6.885986 0.096252 30.796387
1419 5.363617 4.710220 93.938110
1420 0.120911 3.147369 0.013184
1421 3.016006 3.124435 41.119385
1422 17.271423 4.004074 0.325806
1423 9.867065 1.619354 43.619141
1424 8.122131 7.195694 37.123901
1425 7.002060 1.705673 11.967896
1426 9.394678 6.319504 46.875732
1427 25.215836 11.118088 23.682617
1428 17.903839 10.243286 30.563477
1429 34.534546 5.356018 51.405518
1430 6.966396 0.840881 28.969604
1431 14.472183 4.023300 40.183472
1432 5.229546 0.128448 54.613892
1433 14.757848 1.975021 9.038208
1434 3.090215 0.132889 14.111206
1435 18.172485 10.947296 25.097656
1436 14.770447 4.096786 60.002686
1437 4.471863 2.982635 72.747314
1438 0.032816 2.839218 51.120361
1439 24.131180 5.303986 76.500732
1440 11.274170 0.582642 58.921631
1441 4.868435 2.526550 48.332764
1442 5.939230 0.249847 54.760010
1443 4.883606 0.521576 47.674316
1444 5.257385 1.839188 76.151855
1445 52.059923 1.678864 5.541748
1446 7.849182 3.874069 5.450928
1447 0.917267 2.079239 28.832397
1448 11.464783 0.265213 26.424683
1449 4.441532 4.980743 46.010498
1450 4.159592 14.938980 8.629761
1451 3.407608 1.674530 1.532715
1452 0.498230 2.235184 26.156982
1453 5.254883 4.532791 24.257568
1454 12.215179 1.306015 4.914917
1455 21.494438 3.439987 4.472290
1456 6.038975 0.657669 9.395508
1457 3.072159 1.443222 5.499634
1458 135.487030 7.911148 51.815918
1459 4.456879 2.266495 2.424683
1460 4.706549 1.848831 33.541016
1461 4.560608 0.314423 34.677734
1462 12.432129 2.502258 0.191040
1463 0.975643 8.749496 0.177612
1464 3.970821 1.647247 2.073608
1465 26.817505 2.855240 50.231079
1466 20.599915 2.206253 18.849121
1467 23.616943 1.018677 9.700439
1468 16.822083 4.455429 17.412109
1469 3.285522 1.457901 1.119263
1470 33.659271 0.303192 57.870850
1471 19.571365 3.769989 34.369263
1472 14.922119 2.868790 6.265747
1473 9.967239 2.785294 2.162354
1474 21.275024 6.493759 6.673584
1475 6.692749 0.342880 30.273438
1476 0.406555 2.874329 17.673462
1477 8.978485 1.830536 3.970947
1478 14.002625 2.549408 19.760254
1479 1.519623 1.442169 12.981812
1480 22.942390 7.458847 10.650879
1481 10.483612 1.591110 26.698486
1482 0.659035 4.046341 12.273193
1483 1.572838 6.291122 17.648438
1484 12.531967 3.074005 28.405457
1485 8.418701 0.535858 16.962585
1486 6.946545 1.087082 0.862549
1487 53.257578 2.724762 12.508484
1488 24.783844 0.825012 4.631348
1489 17.546722 0.117630 9.373413
1490 45.875458 1.121155 15.285156
1491 46.173767 0.810654 1.659973
1492 29.010155 0.050934 13.380127
1493 11.946640 0.216873 12.247864
1494 12.268158 0.245667 1.347961
1495 125.563255 2.491165 8.790405
1496 4.415581 0.869797 13.137634
1497 12.199814 0.646317 3.482056
1498 2.614369 0.445969 2.190491
1499 2.918919 0.651077 4.215332
1500 0.366842 1.218262 3.585693
1501 11.259792 1.002533 13.185181
1502 1.501114 2.422440 30.104370
1503 7.531647 0.992004 20.317993
1504 24.823788 3.817017 6.013611
1505 1.077553 0.946335 3.068115
1506 16.806358 1.126373 8.177185
1507 13.051483 3.164124 5.974731
1508 7.089188 0.975830 31.272400
1509 11.788168 1.898697 14.392761
1510 3.924492 0.754211 12.952881
1511 1.582336 0.434006 24.203491
1512 1.058014 0.897278 0.244751
1513 24.587446 2.450912 4.784424
1514 10.147369 0.828003 5.039368
1515 12.572716 1.978958 5.122620
1516 13.589561 1.243622 16.668396
1517 1.019653 1.262741 4.684021
1518 18.532257 2.136566 2.289062
1519 7.188934 0.994720 6.747070
1520 42.518177 5.614532 0.207886
1521 1.440018 4.251694 0.015991
1522 14.783264 1.826401 20.538940
1523 36.516380 5.692902 4.992310
1524 7.407654 0.010437 3.145508
1525 31.240559 12.750748 28.813965
1526 26.796436 3.523956 19.844849
1527 9.737854 2.669540 7.373047
1528 2.253082 0.648773 32.048218
1529 18.127228 0.742981 6.502441
1530 44.072377 3.193527 25.125977
1531 9.135813 2.684631 19.346069
1532 154.288605 0.083435 129.362671
1533 3.700897 1.922455 7.972046
1534 0.065918 5.720123 33.330322
1535 281.129349 4.745499 22.938721
1536 15.176544 7.220612 39.698608
1537 38.677185 0.588547 34.823486
1538 13.396973 2.195450 17.002319
1539 16.091766 3.240326 14.568237
1540 2.255661 0.270294 4.342407
1541 21.673553 1.169998 14.847290
1542 5.504150 8.046707 3.395630
1543 1.157623 1.285843 37.563110
1544 38.704254 1.663544 45.317017
1545 0.177293 4.081223 57.526123
1546 0.979218 4.250198 3.538208
1547 25.199738 3.474411 39.229614
1548 22.945587 2.924408 38.492432
1549 26.030212 6.106766 35.537231
1550 32.562500 2.174423 86.307861
1551 17.833160 8.339233 32.843506
1552 1.493860 1.512878 64.298950
1553 3.263557 0.915329 7.771240
1554 20.688934 3.153458 0.864258
1555 6.482544 1.200760 20.712402
1556 4.285583 2.156296 38.411865
1557 3.456573 2.938309 63.932495
1558 9.217522 6.726410 22.496796
1559 5.284414 2.917145 19.601532
1560 2.009186 2.505829 56.304352
1561 8.530676 3.536240 32.876648
1562 15.972018 1.800552 12.135254
1563 11.469467 1.628021 25.218933
1564 13.437874 1.600235 9.135437
1565 15.356361 1.219742 24.656616
1566 0.938599 0.325272 10.013794
1567 8.013725 1.083649 24.743652
1568 15.450500 0.908447 9.185608
1569 5.826233 0.485001 0.034363
1570 3.454346 1.094971 14.348663
1571 26.992477 1.705841 3.622253
1572 8.662224 0.954407 8.610657
1573 8.664528 0.230606 17.241577
1574 14.649348 1.089478 16.488342
1575 7.342850 0.164948 13.554688
1576 8.269020 0.619568 16.654907
1577 10.329010 1.733826 5.650146
1578 7.913956 0.826401 11.633667
1579 14.580494 1.298035 0.007019
1580 16.661591 0.877487 3.925110
1581 7.657822 0.250198 7.836243
1582 0.050995 0.446548 29.303894
1583 2.161547 2.127930 17.336670
1584 12.294357 1.360260 5.733826
1585 0.037987 2.602783 6.722168
1586 0.517456 0.359329 1.535950
1587 28.545624 0.743317 39.377319
1588 11.166290 1.716019 8.276550
1589 12.813065 0.539886 15.064392
1590 18.956390 1.171326 4.940552
1591 16.885712 0.413254 9.453003
1592 10.753510 0.630386 4.002563
1593 11.308765 0.171967 16.695679
1594 11.843094 7.630203 6.400146
1595 17.755814 1.511536 11.369019
1596 1.351669 7.505188 26.342163
1597 2.471161 1.158279 2.710449
1598 1.365078 1.501678 24.425903
1599 19.812218 2.061279 13.398315
1600 1.515228 0.045059 0.147217
1601 6.046570 1.285583 0.402466
1602 7.792312 3.799881 31.908447
1603 17.589951 7.699158 11.378174
1604 0.861847 0.460175 19.132812
1605 12.928268 0.339920 22.027222
1606 20.166870 4.003647 1.943604
1607 16.032211 3.103653 7.905029
1608 1.975006 0.889572 3.700073
1609 13.592499 5.679337 7.055054
1610 8.542572 1.412704 2.811890
1611 6.388290 1.125488 2.304932
1612 18.378891 5.255478 24.758179
1613 8.317520 1.689117 1.021484
1614 8.483398 3.435120 3.241577
1615 0.543442 0.390762 1.763062
1616 1.577423 1.466217 10.553711
1617 13.233400 3.147583 20.167236
1618 10.525345 0.936127 1.950256
1619 1.533434 0.717621 2.218628
1620 18.226395 1.214447 21.429138
1621 7.461792 1.317291 16.496704
1622 37.081512 3.791428 24.686584
1623 9.119202 0.707367 10.122864
1624 7.363297 0.891617 11.324585
1625 13.076132 2.541748 20.221924
1626 9.010303 0.592392 1.952271
1627 20.351715 3.586121 31.129211
1628 0.253534 0.140671 15.458862
1629 11.202600 1.219467 11.778198
1630 4.469803 1.693436 7.817627
1631 7.044876 0.949692 9.424927
1632 5.473116 0.825989 39.022827
1633 0.274792 0.093307 8.322083
1634 2.866318 4.154388 0.719055
1635 8.802433 0.537262 5.421082
1636 9.554497 0.131012 4.131165
1637 17.452301 4.454041 4.409363
1638 6.490318 2.133102 9.457642
1639 4.171799 3.031174 14.482300
1640 7.512154 1.630859 16.203674
1641 3.910110 3.062393 12.130859
1642 8.734970 0.998322 19.546570
1643 18.254263 0.016632 26.247803
1644 6.933411 0.593826 21.141357
1645 6.933411 0.593826 21.141357
1646 6.933411 0.593826 21.141357
1646 21.141357 21.141357 21.141357
