0 -164.758250 -164.662803
1 -164.740250 -164.684123
2 -164.123750 -164.680296
3 -170.730500 -167.149842
4 -165.653500 -168.139320
5 -166.313250 -165.793614
6 -163.492000 -165.003498
7 -163.220250 -161.030128
8 -159.285500 -159.897057
9 -163.665250 -164.089269
10 -165.742250 -160.270289
11 -160.716250 -158.465411
12 -164.792250 -164.667758
13 -164.253000 -167.771332
14 -167.756750 -165.062525
15 -167.191500 -164.611174
16 -163.509750 -161.310575
17 -164.205750 -167.318123
18 -164.828500 -167.637839
19 -160.984500 -160.034515
20 -163.898000 -161.184420
21 -157.598500 -158.977934
22 -160.710750 -157.925219
23 -163.500000 -164.114706
24 -166.519000 -167.653945
25 -169.566250 -169.615943
26 -171.500250 -172.891863
27 -169.713500 -171.548130
28 -170.010000 -164.009482
29 -169.727500 -168.204521
30 -169.753250 -167.964920
31 -169.061250 -170.325021
32 -167.539000 -165.526722
33 -169.224750 -168.459162
34 -167.509500 -164.691694
35 -166.833750 -167.744412
36 -166.587250 -165.502526
37 -165.152750 -164.257050
38 -164.981000 -163.948833
39 -167.126750 -163.072040
40 -167.759000 -167.204856
41 -170.891500 -165.953886
42 -171.896000 -170.690245
43 -169.610000 -167.447768
44 -168.531250 -165.748057
45 -169.669500 -169.148827
46 -167.685250 -170.835425
47 -172.080000 -167.694820
48 -165.692000 -168.086134
49 -164.026500 -163.340855
50 -154.972000 -159.429072
51 -164.986250 -161.760817
52 -158.199500 -156.098786
53 -162.731250 -159.227602
54 -169.038500 -166.343524
55 -169.766000 -168.077177
56 -169.627000 -168.687630
57 -167.864750 -168.970648
58 -168.704250 -169.158790
59 -167.026000 -170.383745
60 -167.382500 -164.999336
61 -172.552000 -169.606707
62 -173.290000 -172.553690
63 -166.206250 -165.740775
64 -166.108500 -166.471061
65 -169.278000 -170.825782
66 -168.923000 -167.005162
67 -164.887500 -162.841429
68 -163.805500 -164.593875
69 -169.740250 -168.752347
70 -167.406000 -166.776463
71 -160.745750 -162.633620
72 -166.631750 -162.523113
73 -174.909750 -174.017711
74 -166.608750 -167.187458
75 -170.331250 -170.472818
76 -168.537000 -170.903495
77 -166.038750 -168.041516
78 -163.159750 -163.809402
79 -165.092500 -160.425682
80 -170.028500 -171.009111
81 -178.816000 -175.308176
82 -177.414750 -175.425465
83 -173.139500 -172.215365
84 -172.489500 -171.428207
85 -172.558250 -170.708877
86 -176.432000 -174.369005
87 -174.482000 -171.915048
88 -176.360250 -174.994127
89 -182.408750 -178.809235
90 -184.089000 -183.696830
91 -175.143000 -174.700779
92 -181.847500 -180.037709
93 -176.578250 -175.457368
94 -177.088500 -176.451464
95 -177.602250 -177.012438
96 -177.846250 -177.600104
97 -161.935000 -172.635229
98 -182.360250 -174.503878
99 -182.712250 -182.785917
100 -192.404250 -184.599819
101 -178.071750 -176.160686
102 -183.334500 -177.207632
103 -179.887500 -181.125029
104 -180.240750 -178.289876
105 -185.784750 -182.383527
106 -173.991500 -171.452014
107 -164.961750 -178.023715
108 -172.631250 -173.683085
109 -170.199500 -169.698858
110 -173.708500 -168.401621
111 -190.286250 -186.495936
112 -189.647500 -190.044404
113 -190.909500 -190.912122
114 -189.989000 -190.333742
115 -188.638000 -188.652755
116 -190.128250 -187.213667
117 -195.493000 -193.102368
118 -189.056000 -195.274571
119 -187.627500 -188.616069
120 -184.256250 -185.540362
121 -185.492750 -185.055970
122 -185.023750 -185.161294
123 -185.229500 -183.771816
124 -185.161750 -184.269252
125 -184.087500 -182.081810
126 -180.420250 -181.431067
127 -175.683000 -176.398589
128 -191.571750 -179.479103
129 -189.176750 -188.435852
130 -189.841500 -185.148381
131 -168.552000 -166.826765
132 -172.770250 -169.291463
133 -169.883750 -166.108755
134 -174.260500 -174.041403
135 -174.586500 -172.449795
136 -188.450250 -183.639237
137 -188.190000 -184.566902
138 -187.267500 -184.287591
139 -181.368750 -182.439705
140 -177.122500 -185.283005
141 -181.233000 -181.408722
142 -175.711500 -178.889810
143 -177.608750 -166.952242
144 -182.392750 -175.943923
145 -180.233250 -176.812993
146 -169.141250 -168.702837
147 -175.703000 -174.255772
148 -179.665250 -187.943164
149 -177.151250 -181.382394
150 -184.630500 -173.045469
151 -166.557000 -168.715491
152 -175.391250 -174.448585
153 -183.331500 -183.563379
154 -180.202000 -189.063950
155 -184.323750 -179.995344
156 -184.891000 -185.917476
157 -187.254750 -188.583955
158 -176.506750 -180.301523
159 -192.748750 -198.891590
160 -195.968000 -196.692038
161 -198.699000 -202.008859
162 -210.252250 -200.998285
163 -206.084250 -203.227204
164 -213.514250 -208.843572
165 -209.406250 -206.505486
166 -211.051250 -206.839661
167 -216.981250 -216.194214
168 -212.038250 -212.684743
169 -206.718750 -205.722874
170 -206.542250 -209.733288
171 -209.987250 -214.639425
172 -188.394000 -186.024381
173 -211.612750 -210.244534
174 -211.180500 -209.174140
175 -214.435500 -209.275118
176 -221.930000 -218.221506
177 -213.655750 -218.958856
178 -215.199750 -212.866113
179 -213.900750 -209.437515
180 -203.050500 -205.997930
181 -208.243000 -195.153236
182 -202.020250 -208.717511
183 -201.538500 -202.683720
184 -208.027500 -202.641863
185 -203.035000 -199.790697
186 -207.348500 -206.662176
187 -209.154000 -206.740358
188 -214.207250 -216.364916
189 -213.838500 -211.052719
190 -206.842250 -212.336893
191 -214.999250 -203.778972
192 -198.912500 -205.643931
193 -207.950000 -204.311888
194 -197.503500 -205.318453
195 -208.060000 -201.970164
196 -218.180500 -215.161882
197 -212.295000 -218.103660
198 -207.124750 -210.363881
199 -216.349500 -206.276108
200 -197.320250 -203.736977
201 -197.403000 -198.408996
202 -189.623250 -194.963968
203 -189.977500 -187.871303
204 -200.784750 -198.825504
205 -208.920500 -209.728963
206 -203.400250 -208.228808
207 -214.384250 -207.772554
208 -209.322250 -203.189230
209 -223.169750 -219.675540
210 -220.159250 -225.091370
211 -217.760000 -218.538155
212 -217.848500 -218.587240
213 -215.632250 -218.494353
214 -224.032500 -214.108214
215 -202.150250 -207.065623
216 -204.910000 -201.679506
217 -213.652250 -201.909215
218 -207.294750 -210.261664
219 -211.624750 -210.144075
220 -215.091000 -215.509908
221 -213.428500 -212.548090
222 -211.835500 -209.810188
223 -213.934250 -204.829495
224 -210.881500 -206.849479
225 -195.648250 -202.435153
226 -197.467500 -199.145605
227 -200.231500 -204.424425
228 -196.821500 -195.664778
229 -194.482500 -201.781267
230 -200.257250 -191.386421
231 -198.562000 -196.433364
232 -200.863000 -197.648819
233 -205.782750 -207.812450
234 -194.350750 -191.926195
235 -206.998000 -200.913194
236 -191.414000 -196.800671
237 -194.154500 -190.332839
238 -190.828000 -200.576529
239 -203.060750 -198.406743
240 -211.166500 -213.740617
241 -207.282000 -208.316429
242 -202.770000 -207.243256
243 -200.474750 -202.422469
244 -202.576500 -198.770613
245 -193.110000 -200.513319
246 -208.077500 -200.576492
247 -211.488250 -210.519571
248 -210.728750 -207.373182
249 -199.763250 -205.427537
250 -201.881500 -206.153426
251 -195.071250 -199.168374
252 -199.180500 -198.107575
253 -196.148500 -194.619033
254 -197.477250 -195.978842
255 -176.459000 -180.437701
256 -171.304000 -170.937526
257 -179.659000 -174.804529
258 -188.253250 -192.939791
259 -195.336000 -192.659188
260 -190.126500 -193.455304
261 -187.492000 -188.655572
262 -173.788750 -174.043956
263 -198.000750 -205.342560
264 -211.372000 -204.251710
265 -209.046000 -212.721062
266 -212.749750 -202.747459
267 -201.884500 -205.123640
268 -201.271250 -200.968155
269 -200.479000 -196.497181
270 -216.141500 -208.592316
271 -207.498250 -206.449300
272 -189.198000 -204.675420
273 -203.822000 -206.946768
274 -204.958000 -201.508257
275 -198.380500 -197.404821
276 -193.128750 -188.394595
277 -201.045500 -204.039685
278 -198.852500 -205.261037
279 -211.092750 -206.681460
280 -209.296750 -206.429338
281 -201.625500 -207.643280
282 -208.104750 -195.870625
283 -210.007750 -215.567226
284 -205.641000 -205.303003
285 -211.446500 -207.817588
286 -200.531000 -202.351234
287 -206.109500 -206.618310
288 -193.204500 -203.405640
289 -203.609250 -196.945141
290 -195.123750 -200.886886
291 -190.301000 -190.741033
292 -186.201500 -187.077609
293 -191.303500 -193.361058
294 -194.091750 -199.219621
295 -196.383250 -202.521510
296 -198.690500 -193.813701
297 -198.983750 -194.052281
298 -187.280750 -182.907431
299 -181.759750 -182.459374
300 -187.232000 -189.554243
301 -190.188000 -190.128616
302 -187.697000 -187.189241
303 -181.877250 -185.506760
304 -179.396250 -182.425193
305 -183.234750 -182.651022
306 -186.429750 -186.938909
307 -185.876000 -185.181863
308 -183.549500 -182.763749
309 -173.590750 -178.521518
310 -174.108750 -176.826642
311 -194.123000 -184.848412
312 -187.485250 -195.104668
313 -184.516500 -184.108575
314 -180.750500 -180.540364
315 -188.625250 -193.931428
316 -196.128500 -193.089775
317 -199.551250 -197.414271
318 -199.793000 -203.294714
319 -189.888500 -189.895871
320 -184.815500 -185.306971
321 -205.449500 -201.131804
322 -202.864000 -202.861396
323 -195.770000 -197.528054
324 -187.797000 -191.065538
325 -191.879500 -189.101797
326 -182.905250 -183.485886
327 -183.016000 -183.790502
328 -191.444000 -189.292199
329 -191.714500 -191.894260
330 -188.597000 -184.923855
331 -187.334000 -188.385391
332 -200.899250 -201.340401
333 -202.475250 -200.789020
334 -188.270250 -189.614854
335 -194.499500 -196.151300
336 -194.810500 -191.622984
337 -190.446500 -190.724424
338 -191.655500 -190.943535
339 -177.729250 -179.095065
340 -188.044750 -193.988545
341 -187.785250 -187.260537
342 -188.570500 -189.038664
343 -187.903750 -189.839871
344 -188.301000 -188.964980
345 -190.162000 -193.146213
346 -194.851500 -194.465801
347 -187.638000 -193.166235
348 -189.490500 -189.748598
349 -185.412250 -189.403576
350 -185.489000 -187.540096
351 -195.981250 -194.702394
352 -194.908500 -189.917577
353 -190.830500 -191.432933
354 -193.435250 -194.825923
355 -172.736500 -178.636818
356 -172.912250 -174.903305
357 -174.097250 -175.086171
358 -178.994500 -181.178261
359 -178.561000 -181.256206
360 -173.255000 -177.870714
361 -179.666000 -180.755617
362 -177.778750 -177.691666
363 -197.711000 -194.982229
364 -190.777750 -190.294345
365 -192.605250 -191.371123
366 -175.938500 -176.029338
367 -188.607750 -186.351406
368 -186.873000 -188.751707
369 -178.620250 -175.053690
370 -186.539500 -186.947672
371 -176.224250 -181.295568
372 -189.517500 -188.810240
373 -189.458000 -188.215667
374 -182.981750 -179.816631
375 -184.048000 -182.854295
376 -185.687500 -187.874091
377 -177.866000 -176.618355
378 -182.548000 -184.696353
379 -183.053250 -185.480196
380 -180.154000 -182.676571
381 -178.484750 -181.957152
382 -178.005750 -178.640160
383 -173.100750 -173.600124
384 -171.121750 -172.284434
385 -173.517500 -174.158984
386 -184.034000 -176.911388
387 -168.085250 -179.619659
388 -167.342750 -170.197579
389 -177.710250 -176.060647
390 -175.140250 -178.832944
391 -179.771000 -182.283137
392 -179.769250 -182.485139
393 -181.035500 -180.336262
394 -184.765750 -182.296021
395 -189.209500 -188.011999
396 -179.706500 -184.519747
397 -183.663000 -182.518328
398 -187.390500 -185.248101
399 -177.476000 -179.530259
400 -178.122500 -178.794112
401 -176.841000 -179.627141
402 -172.907500 -174.543248
403 -187.338750 -190.403980
404 -192.570750 -193.305671
405 -195.887750 -195.762087
406 -196.789250 -194.914542
407 -197.243750 -198.200384
408 -193.438250 -192.970344
409 -194.616250 -193.090987
410 -192.348250 -189.412826
411 -182.688250 -180.887278
412 -186.450250 -187.250166
413 -181.463500 -188.433968
414 -190.277500 -186.097932
415 -197.490000 -196.112047
416 -192.045500 -193.760134
417 -198.375750 -192.347063
418 -198.378500 -196.089445
419 -194.196750 -195.345785
420 -195.549000 -194.421906
421 -197.940750 -197.391142
422 -193.922000 -198.860239
423 -199.078000 -196.209762
424 -192.540750 -197.303400
425 -193.566500 -192.038885
426 -200.478750 -195.517613
427 -189.386500 -196.552202
428 -193.265000 -189.853229
429 -198.322250 -197.685258
430 -201.573500 -197.023257
431 -195.432250 -201.059374
432 -194.743500 -199.594849
433 -198.280500 -198.787456
434 -188.643750 -199.304211
435 -174.049750 -176.902879
436 -171.966500 -166.964003
437 -175.837250 -179.796559
438 -178.996000 -182.123060
439 -193.113000 -188.130618
440 -197.871500 -197.124528
441 -198.551000 -195.872097
442 -188.476250 -194.668751
443 -181.393500 -182.622601
444 -171.139250 -174.653067
445 -192.838750 -190.222914
446 -186.453250 -190.931020
447 -191.525250 -192.893066
448 -182.596000 -182.184518
449 -195.805000 -193.022041
450 -201.512500 -202.047273
451 -193.997500 -195.599185
452 -186.699000 -183.959273
453 -205.984000 -200.705471
454 -197.949000 -200.848657
455 -197.082750 -196.170860
456 -189.246250 -190.977491
457 -179.316000 -180.534287
458 -185.767250 -186.981585
459 -190.653750 -191.118535
460 -184.131500 -182.437331
461 -187.198500 -185.812354
462 -200.613500 -198.634276
463 -203.357750 -205.660730
464 -199.347250 -199.186579
465 -207.946000 -219.521701
466 -213.436500 -211.261832
467 -229.014500 -219.027327
468 -210.426750 -219.060025
469 -203.497750 -201.639833
470 -200.021750 -193.093265
471 -200.161750 -199.480370
472 -211.493750 -207.465199
473 -220.028500 -214.328514
474 -207.652000 -205.910919
475 -206.905000 -208.747777
476 -193.924000 -186.043766
477 -197.284000 -196.889221
478 -188.317250 -185.232705
479 -162.746750 -160.289068
480 -168.110750 -166.809368
481 -166.886000 -167.165229
482 -166.574750 -166.961942
483 -168.104500 -166.636549
484 -166.823500 -167.439071
485 -163.853250 -163.777882
486 -158.686000 -158.064697
487 -158.838500 -158.490575
488 -165.871500 -166.403712
489 -171.781000 -168.686757
490 -171.771250 -166.253643
491 -164.962500 -168.075039
492 -167.123250 -165.880831
493 -172.828000 -170.118917
494 -165.528750 -169.350573
495 -178.360000 -169.966285
496 -169.010500 -169.090785
497 -170.556000 -171.172107
498 -178.363750 -175.774486
499 -178.036250 -175.439506
500 -168.450750 -177.269803
501 -168.673250 -170.501492
502 -158.975000 -158.706863
503 -160.524500 -163.850782
504 -155.410500 -158.357940
505 -163.899250 -164.473590
506 -166.158750 -165.933005
507 -164.874000 -164.125876
508 -175.232750 -172.427961
509 -174.446500 -187.935815
510 -177.210500 -169.124108
511 -176.938750 -175.006892
512 -177.318750 -175.010354
513 -164.700750 -165.410617
514 -163.240750 -163.716247
515 -159.409250 -156.696327
516 -158.374000 -158.957093
517 -163.371250 -163.779305
518 -158.559750 -157.389543
519 -159.933500 -158.189583
520 -158.949000 -159.414981
521 -166.616000 -165.065581
522 -167.041000 -166.848082
523 -166.876000 -167.261203
524 -166.713500 -167.397489
525 -166.085500 -167.316582
526 -166.870250 -166.652186
527 -174.292000 -170.385459
528 -171.278250 -171.970438
529 -165.384500 -164.618250
530 -166.225500 -168.858502
531 -161.200000 -158.390046
532 -168.398250 -170.717706
533 -168.296500 -166.274011
534 -160.214750 -158.772230
535 -166.716500 -165.821821
536 -161.763000 -160.230169
537 -168.995500 -166.667792
538 -173.043250 -170.938317
539 -173.316750 -171.832208
540 -171.451000 -171.861893
541 -172.960500 -170.227580
542 -171.754000 -170.479723
543 -171.653000 -170.364079
544 -171.724000 -170.264025
545 -165.740750 -165.483556
546 -166.144000 -170.052595
547 -165.283000 -168.134501
548 -156.753750 -158.090640
549 -160.315000 -158.259511
550 -166.108000 -169.854749
551 -164.816750 -162.525144
552 -164.875500 -165.145857
553 -161.118000 -166.919236
554 -166.205500 -162.594141
555 -164.529750 -167.505332
556 -174.166750 -171.363188
557 -165.756500 -175.918731
558 -170.963750 -169.810362
559 -162.557250 -161.261262
560 -166.452250 -163.475535
561 -165.810250 -167.545890
562 -158.180000 -160.422757
563 -162.123250 -164.977984
564 -171.823000 -167.353908
565 -179.131750 -175.103487
566 -160.502750 -162.244264
567 -163.247750 -164.910054
568 -169.766250 -167.892143
569 -161.200000 -162.250503
570 -161.466750 -172.995682
571 -157.891750 -159.186461
572 -159.785250 -164.453839
573 -160.156250 -162.038840
574 -155.109500 -156.049329
575 -173.925500 -173.174690
576 -172.805500 -170.562253
577 -174.657250 -173.208654
578 -177.326750 -174.735575
579 -164.560000 -165.909593
580 -176.913000 -177.700360
581 -165.316500 -166.781167
582 -165.343000 -166.754504
583 -165.401000 -166.790958
584 -171.965250 -174.290392
585 -162.459000 -164.824066
586 -163.159250 -163.312783
587 -161.034250 -155.658761
588 -172.402500 -170.200713
589 -172.424250 -171.429778
590 -165.348500 -166.308707
591 -158.704500 -158.591962
592 -162.372750 -159.940199
593 -158.183500 -162.262554
594 -163.529250 -159.694810
595 -159.198750 -161.895851
596 -170.051250 -163.973700
597 -169.677750 -168.766694
598 -170.288250 -168.426663
599 -172.733500 -169.586953
600 -161.234500 -160.514298
601 -166.315750 -161.895134
602 -163.153750 -162.166856
603 -157.736750 -159.784982
604 -157.980250 -161.169688
605 -152.874500 -154.702493
606 -154.570250 -156.718472
607 -155.522250 -156.530293
608 -152.676500 -157.528190
609 -147.966500 -155.315406
610 -146.743500 -148.500080
611 -146.734750 -149.199257
612 -150.172500 -153.199525
613 -150.273250 -148.066022
614 -150.256750 -148.234814
615 -146.098250 -141.772092
616 -145.531500 -139.532744
617 -145.546500 -143.145772
618 -174.084250 -172.896169
619 -182.526250 -184.903870
620 -184.099000 -184.145375
621 -186.392000 -188.761782
622 -186.384000 -185.971613
623 -193.431750 -186.512589
624 -186.850500 -180.422290
625 -173.057750 -177.903112
626 -172.632750 -175.333268
627 -173.421000 -174.849959
628 -183.408500 -176.084908
629 -183.174500 -184.129641
630 -190.387000 -196.432274
631 -197.538750 -192.105924
632 -194.285750 -196.454006
633 -189.890750 -198.296598
634 -185.141750 -184.638182
635 -185.667250 -182.535401
636 -185.499500 -186.198182
637 -188.829000 -190.860487
638 -189.565000 -186.512578
639 -184.977250 -184.651080
640 -209.527500 -199.612142
641 -199.330500 -208.327210
642 -207.615000 -201.555539
643 -207.855500 -206.786826
644 -204.503500 -205.379420
645 -205.715000 -206.701506
646 -200.831250 -190.223521
647 -184.155750 -191.077705
648 -188.240750 -185.111744
649 -207.256750 -195.886849
650 -187.427250 -186.048936
651 -195.401000 -201.627697
652 -202.574750 -198.378703
653 -195.306500 -199.300125
654 -189.806750 -191.088921
655 -183.668000 -185.526981
656 -201.387250 -195.910357
657 -201.337750 -195.681695
658 -214.244500 -210.218800
659 -224.668250 -215.955325
660 -227.514750 -218.976638
661 -222.798000 -214.401896
662 -211.349500 -213.721442
663 -201.459250 -200.772671
664 -214.103250 -214.782332
665 -216.530500 -212.188480
666 -219.045750 -216.544391
667 -224.314250 -216.319604
668 -224.357500 -218.526080
669 -219.203500 -206.033639
670 -212.092750 -213.341749
671 -210.605000 -208.476175
672 -209.927000 -201.890048
673 -192.054750 -191.309330
674 -191.578500 -189.586546
675 -201.278750 -201.779956
676 -198.868250 -194.099718
677 -189.007500 -196.746344
678 -199.729500 -200.538067
679 -188.512500 -191.586243
680 -190.325750 -189.939492
681 -188.250500 -191.447296
682 -212.697750 -208.207175
683 -174.537500 -172.770681
684 -192.672750 -188.001297
685 -193.978250 -199.193074
686 -185.003500 -185.744424
687 -185.709750 -184.713696
688 -165.422750 -176.440326
689 -181.365750 -181.960206
690 -185.988500 -187.370671
691 -186.753750 -183.082055
692 -172.248500 -178.957375
693 -170.512750 -181.603153
694 -175.145750 -173.432080
695 -175.753250 -174.165808
696 -185.527500 -187.097409
697 -185.817000 -187.558330
698 -197.994250 -192.576845
699 -192.606250 -196.340481
700 -192.125250 -193.521115
701 -192.985000 -192.986626
702 -210.965750 -210.244921
703 -192.461500 -209.571886
704 -190.979750 -192.483198
705 -181.644250 -188.208886
706 -182.339000 -183.674872
707 -182.287000 -184.380082
708 -170.961750 -171.550181
709 -166.420750 -166.057425
710 -178.015500 -179.675217
711 -179.125000 -182.792623
712 -186.894250 -180.297228
713 -177.110500 -174.802750
714 -183.774750 -181.917087
715 -193.272750 -188.580355
716 -177.150750 -186.041041
717 -169.402250 -173.115907
718 -164.417500 -165.676226
719 -159.758250 -164.838015
720 -171.562000 -169.763624
721 -171.439750 -173.722730
722 -166.613500 -174.269357
723 -171.811250 -179.917725
724 -182.842000 -173.971250
725 -172.373750 -175.473108
726 -176.763000 -174.339513
727 -195.557750 -187.942370
728 -204.321750 -194.699834
729 -169.478250 -177.247010
730 -159.824750 -163.750822
731 -169.719500 -174.872480
732 -169.424500 -171.509816
733 -169.765500 -171.187941
734 -174.559000 -178.001826
735 -198.972000 -189.027651
736 -194.594250 -201.943024
737 -183.927750 -193.145425
738 -184.010000 -186.205475
739 -180.818500 -182.194179
740 -184.030500 -186.611065
741 -180.199000 -183.049546
742 -182.999250 -186.064284
743 -177.183750 -183.945072
744 -179.896500 -180.071924
745 -186.447750 -186.251987
746 -184.481250 -185.542396
747 -180.459250 -180.037364
748 -165.043500 -172.234098
749 -165.719000 -166.941440
750 -166.627500 -169.835405
751 -166.594000 -168.631012
752 -197.398750 -196.851189
753 -197.436750 -199.354920
754 -181.377500 -178.583232
755 -181.549250 -182.209510
756 -191.776750 -187.659086
757 -187.324500 -196.285550
758 -187.375000 -183.805699
759 -186.065750 -189.324595
760 -186.636750 -183.851809
761 -181.321750 -188.396252
762 -189.242500 -183.841760
763 -205.049750 -195.781641
764 -206.249250 -206.824072
765 -200.411500 -203.247717
766 -198.596000 -198.349487
767 -196.430500 -195.622851
768 -191.181000 -193.727166
769 -177.639750 -188.890122
770 -178.820500 -179.763651
771 -174.354000 -176.496270
772 -181.774000 -179.926103
773 -171.584000 -176.808490
774 -175.305500 -174.715782
775 -173.830000 -173.011577
776 -170.674500 -174.029310
777 -176.822500 -177.141706
778 -172.942000 -181.145643
779 -181.613500 -178.400057
780 -179.892750 -182.509191
781 -175.625250 -175.585920
782 -175.085500 -177.183019
783 -190.796000 -183.104310
784 -174.995750 -195.510668
785 -164.324000 -167.162867
786 -161.833250 -159.991377
787 -164.925750 -174.608151
788 -161.754750 -157.687099
789 -163.630250 -170.866164
790 -173.032750 -169.993184
791 -174.414500 -177.391188
792 -173.403250 -170.948010
793 -190.575250 -192.240005
794 -181.839250 -186.529652
795 -171.853250 -175.309772
796 -188.156500 -180.459704
797 -183.104250 -183.894083
798 -175.617000 -179.177155
799 -183.344750 -181.459829
800 -174.833000 -176.966039
801 -171.642500 -170.956184
802 -181.646500 -180.152805
803 -177.959750 -181.477340
804 -169.670500 -173.188658
805 -164.767000 -163.963121
806 -167.988750 -166.206033
807 -167.442250 -166.659535
808 -172.561750 -170.625506
809 -171.931250 -172.078356
810 -163.387000 -163.284928
811 -156.339500 -156.836709
812 -164.795750 -164.508782
813 -162.651000 -162.165556
814 -165.056250 -162.519183
815 -156.032500 -162.380218
816 -169.703000 -166.686028
817 -168.762250 -169.846073
818 -169.056250 -169.900704
819 -169.264250 -168.354024
820 -169.283250 -170.796007
821 -170.216750 -172.414685
822 -162.320750 -168.635234
823 -163.105000 -161.442042
824 -162.925750 -167.857537
825 -158.675750 -163.409431
826 -170.531500 -159.680052
827 -170.601500 -169.467271
828 -169.249500 -169.220227
829 -165.230000 -167.678996
830 -163.816500 -161.965835
831 -164.795250 -164.636733
832 -170.862500 -167.689778
833 -170.717250 -170.522793
834 -172.216750 -171.308663
835 -169.875000 -167.711231
836 -170.593250 -169.330924
837 -170.631000 -169.894972
838 -162.504500 -162.966711
839 -158.928500 -158.617997
840 -158.989250 -158.294730
841 -162.753000 -163.181939
842 -165.996250 -164.695269
843 -168.928500 -167.682466
844 -168.941500 -168.255211
845 -163.640750 -162.570725
846 -165.179250 -163.322278
847 -165.697500 -164.719471
848 -166.856000 -165.240071
849 -158.872500 -168.309814
850 -158.626000 -159.960436
851 -173.491250 -171.843540
852 -173.346500 -171.917355
853 -155.570500 -162.802084
854 -149.589000 -152.146985
855 -162.454500 -153.837439
856 -173.027500 -170.038273
857 -168.732500 -170.965614
858 -171.174750 -170.022955
859 -165.310750 -166.340341
860 -168.555250 -167.506042
861 -168.647750 -168.693007
862 -168.827500 -168.716666
863 -167.567750 -167.148236
864 -178.827250 -177.853811
865 -166.448500 -175.643690
866 -166.971500 -167.338840
867 -166.129000 -168.995805
868 -182.968250 -175.497285
869 -185.382500 -185.139112
870 -182.441500 -185.633309
871 -178.404250 -180.809545
872 -179.018750 -171.464489
873 -169.852750 -169.624102
874 -170.027000 -169.178103
875 -172.521750 -173.098983
876 -164.691750 -166.573155
877 -169.023500 -170.452207
878 -170.439750 -171.241293
879 -170.289500 -173.248001
880 -171.191250 -169.740054
881 -153.550000 -161.200760
882 -163.937250 -154.789532
883 -165.877750 -163.997129
884 -165.720500 -165.661664
885 -162.418750 -165.818617
886 -156.330250 -158.521241
887 -170.320250 -161.257408
888 -169.287750 -171.740204
889 -169.459250 -164.800029
890 -170.281750 -171.303517
891 -169.703000 -171.204033
892 -168.689250 -167.302839
893 -153.288000 -164.136314
894 -155.887750 -158.058602
895 -155.721500 -156.822665
896 -157.264500 -154.037192
897 -166.983000 -167.187245
898 -163.644000 -167.098860
899 -171.370000 -170.653892
900 -171.007000 -172.332533
901 -162.477000 -163.667308
902 -173.584000 -175.412139
903 -162.759750 -165.767935
904 -160.559500 -163.527828
905 -164.789750 -169.444568
906 -164.344750 -164.928131
907 -164.403000 -164.447629
908 -177.656000 -176.182466
909 -170.505250 -176.912539
910 -171.270500 -163.763100
911 -161.018750 -169.668780
912 -161.197250 -158.813296
913 -173.120250 -169.626592
914 -163.415000 -174.920189
915 -183.112250 -185.978427
916 -182.222750 -184.627283
917 -181.596250 -188.639481
918 -193.232500 -188.363440
919 -184.275000 -184.147796
920 -181.944000 -181.156315
921 -190.871500 -190.987073
922 -190.277500 -189.377832
923 -186.264750 -189.255940
924 -184.382000 -188.177711
925 -174.984500 -177.889990
926 -189.838000 -186.005585
927 -203.445250 -199.587980
928 -202.017250 -200.228093
929 -200.054000 -201.476903
930 -202.434000 -199.408661
931 -190.726500 -197.553834
932 -193.277750 -191.371558
933 -198.579750 -197.960057
934 -198.864250 -202.638228
935 -197.767750 -194.095672
936 -202.822000 -203.386066
937 -199.264000 -199.354793
938 -201.953250 -206.190910
939 -201.883750 -204.234322
940 -200.906750 -194.186348
941 -203.862250 -204.499731
942 -203.862750 -204.446382
943 -206.419000 -206.259912
944 -207.613750 -206.225168
945 -205.727250 -207.133795
946 -199.707000 -208.804108
947 -209.073250 -198.102309
948 -201.986750 -196.863378
949 -192.508500 -201.835909
950 -178.473750 -183.070608
951 -174.964250 -181.419823
952 -191.469000 -186.663689
953 -178.070250 -178.683007
954 -166.822500 -168.764285
955 -178.384000 -181.715796
956 -182.575000 -182.258833
957 -181.582500 -184.157513
958 -188.929000 -181.349258
959 -174.610750 -179.581485
960 -175.324250 -176.048147
961 -171.262500 -173.907881
962 -188.951000 -187.843979
963 -188.610250 -189.173638
964 -188.636000 -188.792092
965 -169.874750 -176.780682
966 -174.480000 -179.864402
967 -176.290000 -177.383478
968 -173.703500 -178.468098
969 -176.781500 -169.197498
970 -184.501750 -194.443954
971 -195.046250 -190.706100
972 -191.892750 -196.372663
973 -195.062750 -190.768134
974 -194.542750 -187.453366
975 -203.463250 -199.855288
976 -187.794000 -199.507213
977 -180.235250 -182.278120
978 -185.038000 -183.310131
979 -188.532000 -191.247624
980 -182.316750 -180.622428
981 -170.348250 -179.394433
982 -179.148750 -184.679110
983 -196.454750 -188.406145
984 -196.459500 -197.583503
985 -208.285000 -204.684715
986 -208.199750 -207.880132
987 -206.897250 -208.735069
988 -202.405250 -202.062734
989 -190.752750 -199.910041
990 -204.178750 -206.099548
991 -205.630500 -203.903306
992 -206.908000 -205.905058
993 -207.010250 -206.033503
994 -197.906750 -194.684196
995 -198.403750 -202.884029
996 -197.020500 -193.284823
997 -209.999250 -208.773530
998 -200.748250 -198.478358
999 -201.732500 -200.705877
1000 -186.500500 -191.332703
1001 -191.029500 -186.656899
1002 -178.535000 -181.086215
1003 -172.026500 -169.452294
1004 -184.958500 -185.643345
1005 -185.096000 -185.858628
1006 -183.086500 -183.119631
1007 -181.013250 -182.274858
1008 -182.045250 -181.433255
1009 -185.398000 -182.288001
1010 -185.353250 -185.507726
1011 -179.836250 -178.204528
1012 -182.583750 -183.153230
1013 -183.676250 -182.152212
1014 -179.633250 -176.775314
1015 -176.851000 -175.604187
1016 -179.155500 -182.581980
1017 -179.166000 -180.976731
1018 -182.357750 -181.844843
1019 -182.579000 -184.008469
1020 -175.169500 -183.876006
1021 -175.169500 -178.805247
1022 -172.888000 -178.804914
1023 -173.131500 -174.425468
1024 -175.143750 -175.237238
1025 -182.842000 -180.150420
1026 -180.446000 -183.765414
1027 -182.307500 -177.755558
1028 -181.404000 -184.195870
1029 -176.861750 -177.698498
1030 -176.512750 -174.843423
1031 -172.760000 -174.040253
1032 -174.925250 -175.189516
1033 -174.894250 -175.433217
1034 -177.029000 -174.230244
1035 -172.812250 -179.052675
1036 -172.558000 -172.589217
1037 -170.606250 -172.259863
1038 -171.104000 -170.140045
1039 -165.215000 -166.338335
1040 -160.039500 -164.202461
1041 -157.456000 -160.538276
1042 -160.223000 -165.142202
1043 -154.338250 -155.153027
1044 -165.295500 -164.952368
1045 -166.150250 -166.963100
1046 -169.773000 -168.539766
1047 -169.404000 -170.499433
1048 -172.927250 -169.841139
1049 -166.494000 -164.951862
1050 -160.347250 -160.851591
1051 -158.869750 -156.641092
1052 -158.783250 -156.267571
1053 -152.980500 -165.179132
1054 -151.034500 -151.757881
1055 -153.934750 -155.191162
1056 -165.563250 -162.429970
1057 -165.386750 -165.527795
1058 -172.472000 -163.250008
1059 -169.498750 -169.954157
1060 -176.963500 -175.846848
1061 -179.488000 -180.887229
1062 -183.559750 -186.750715
1063 -186.828250 -185.568156
1064 -182.290500 -179.577336
1065 -179.417500 -184.816926
1066 -182.375000 -182.857676
1067 -182.639250 -181.726591
1068 -180.661500 -185.994548
1069 -181.690500 -177.178949
1070 -181.875250 -182.453963
1071 -189.436000 -187.627842
1072 -179.681000 -184.425527
1073 -185.282750 -185.977624
1074 -181.667000 -183.606427
1075 -180.507750 -183.367052
1076 -182.058000 -186.180103
1077 -186.489000 -187.916540
1078 -185.943500 -188.635412
1079 -187.770000 -188.993047
1080 -185.421500 -189.216395
1081 -180.532000 -184.417621
1082 -181.320000 -177.148147
1083 -168.449250 -168.254824
1084 -157.422500 -160.321191
1085 -150.506500 -155.469522
1086 -156.620750 -153.045184
1087 -175.761750 -173.588070
1088 -172.425750 -179.658899
1089 -177.122750 -174.411874
1090 -177.140250 -181.847611
1091 -175.018000 -175.691329
1092 -179.117500 -180.520344
1093 -173.924500 -176.180960
1094 -171.713750 -171.573020
1095 -172.138250 -173.095522
1096 -170.507000 -172.964303
1097 -170.326250 -170.940007
1098 -174.588750 -171.286179
1099 -178.680500 -176.937129
1100 -178.025250 -185.263981
1101 -177.956250 -180.282906
1102 -178.042000 -180.155278
1103 -186.536500 -183.031224
1104 -186.463750 -186.046010
1105 -186.860000 -186.164398
1106 -188.428500 -185.628287
1107 -182.967000 -175.508341
1108 -180.439750 -184.425899
1109 -181.140250 -181.911958
1110 -177.148000 -177.523784
1111 -175.858500 -177.328544
1112 -175.917250 -176.359055
1113 -177.521000 -178.877185
1114 -180.990250 -177.376865
1115 -182.023250 -183.093543
1116 -180.734250 -178.933062
1117 -179.761000 -181.506890
1118 -181.235250 -181.205500
1119 -181.212250 -181.462542
1120 -176.797000 -182.067196
1121 -165.038500 -163.992296
1122 -159.894500 -166.183777
1123 -154.205250 -156.132731
1124 -158.306750 -159.050934
1125 -167.180250 -161.071964
1126 -158.806250 -170.943350
1127 -163.706750 -164.430356
1128 -163.688750 -166.223022
1129 -163.691000 -166.184868
1130 -158.895500 -166.606318
1131 -161.284000 -162.138320
1132 -151.096000 -158.490473
1133 -155.329500 -153.192958
1134 -159.381750 -161.433552
1135 -171.016250 -168.672902
1136 -168.956000 -169.093216
1137 -172.356750 -172.634997
1138 -171.222000 -172.987636
1139 -171.308250 -174.119966
1140 -171.001250 -174.961780
1141 -163.797250 -170.901173
1142 -173.695000 -170.294231
1143 -164.524250 -166.435385
1144 -166.703250 -167.602790
1145 -175.776750 -166.710150
1146 -161.543250 -164.038269
1147 -179.697000 -177.678026
1148 -170.398000 -171.806332
1149 -181.686750 -173.279657
1150 -186.536750 -183.470060
1151 -195.756250 -191.303027
1152 -199.708000 -196.859645
1153 -197.092500 -195.355623
1154 -200.411250 -197.958393
1155 -195.086500 -194.671434
1156 -192.788750 -189.910361
1157 -177.033500 -183.986278
1158 -188.638250 -180.768721
1159 -187.841500 -192.408337
1160 -191.525500 -192.586799
1161 -201.601250 -198.471062
1162 -198.623750 -196.045172
1163 -194.487000 -195.468302
1164 -196.455750 -194.856819
1165 -188.034250 -196.886265
1166 -195.773250 -181.817984
1167 -195.960750 -193.281715
1168 -186.965250 -188.098925
1169 -207.108250 -197.655048
1170 -205.911750 -203.794421
1171 -204.385500 -205.763808
1172 -203.557500 -202.824986
1173 -197.202500 -194.987539
1174 -188.446500 -185.572050
1175 -208.601500 -205.321278
1176 -206.494750 -207.046683
1177 -203.773500 -200.850554
1178 -200.639750 -202.487990
1179 -190.771500 -188.797477
1180 -191.339250 -190.072200
1181 -195.025250 -194.960039
1182 -186.687750 -184.409393
1183 -190.217750 -188.836566
1184 -192.928750 -190.214646
1185 -182.631000 -186.457922
1186 -191.166000 -183.892167
1187 -192.515000 -186.436948
1188 -193.837250 -194.402375
1189 -187.047500 -185.806322
1190 -180.229750 -174.214268
1191 -186.595000 -188.467346
1192 -187.035250 -187.861004
1193 -189.941500 -186.146188
1194 -190.705250 -192.818193
1195 -182.413250 -181.520619
1196 -189.807000 -186.934353
1197 -188.886000 -189.116998
1198 -185.446750 -180.876850
1199 -181.465250 -179.434858
1200 -179.853500 -180.467423
1201 -168.023750 -171.153779
1202 -166.575250 -169.329421
1203 -166.640250 -172.620103
1204 -162.916500 -161.005681
1205 -179.966750 -173.905276
1206 -184.098000 -181.865769
1207 -180.847000 -178.067298
1208 -178.981500 -178.558661
1209 -183.668250 -184.556366
1210 -182.848000 -182.332874
1211 -182.216250 -181.509760
1212 -181.261250 -176.834417
1213 -183.855000 -179.381927
1214 -178.329750 -180.196485
1215 -185.577000 -180.178827
1216 -177.790250 -178.692897
1217 -183.781750 -181.832258
1218 -188.592250 -187.859474
1219 -187.329500 -184.368780
1220 -184.365000 -188.533947
1221 -183.874750 -183.695901
1222 -181.056000 -179.662648
1223 -178.110500 -174.106753
1224 -173.152000 -173.673623
1225 -185.648250 -180.735492
1226 -190.577750 -189.417186
1227 -186.312750 -184.766867
1228 -186.032500 -182.520123
1229 -186.250750 -184.708398
1230 -167.121750 -177.743460
1231 -173.664000 -171.620766
1232 -170.469250 -169.960937
1233 -168.696750 -170.406400
1234 -169.666750 -168.189320
1235 -169.602000 -169.004878
1236 -166.287000 -165.432406
1237 -162.169750 -162.004315
1238 -165.687750 -163.950776
1239 -166.466250 -164.341971
1240 -158.827000 -157.284078
1241 -162.705250 -161.470930
1242 -165.441250 -164.310077
1243 -165.374250 -164.381139
1244 -160.223000 -158.837121
1245 -163.098250 -163.825414
1246 -160.917250 -159.590643
1247 -159.669000 -157.465400
1248 -158.844250 -158.990781
1249 -158.799250 -157.764068
1250 -165.607500 -166.393700
1251 -153.805500 -154.793729
1252 -154.449000 -156.997083
1253 -163.293500 -160.515496
1254 -167.002000 -166.190756
1255 -164.443500 -167.179162
1256 -167.437250 -164.991702
1257 -169.728000 -169.188495
1258 -161.415750 -165.219585
1259 -156.081750 -157.143144
1260 -158.235500 -156.750947
1261 -160.563750 -158.623226
1262 -167.444750 -167.600293
1263 -163.311500 -162.076406
1264 -163.970000 -161.919165
1265 -166.596750 -165.003436
1266 -166.808750 -165.366485
1267 -170.431250 -168.409152
1268 -166.636750 -168.286636
1269 -157.638000 -169.160342
1270 -157.188250 -156.822362
1271 -158.623750 -160.651223
1272 -154.582000 -154.348525
1273 -154.584250 -156.200469
1274 -157.683500 -156.479929
1275 -163.772750 -165.397413
1276 -161.310750 -166.710784
1277 -165.631000 -163.804395
1278 -167.999750 -164.856984
1279 -162.686000 -164.394341
1280 -150.322000 -159.664270
1281 -147.294500 -149.026617
1282 -165.629500 -157.192457
1283 -162.433000 -173.279387
1284 -159.572250 -162.633790
1285 -152.510000 -152.465251
1286 -162.738000 -162.559920
1287 -174.089750 -171.160844
1288 -178.828500 -177.849855
1289 -177.462500 -175.832379
1290 -180.509000 -179.544881
1291 -182.013000 -179.512016
1292 -187.231500 -184.457359
1293 -186.975000 -186.153089
1294 -184.739000 -180.330627
1295 -183.891000 -182.232096
1296 -179.071750 -178.853669
1297 -178.258250 -174.677123
1298 -178.868000 -183.303681
1299 -177.598250 -172.902459
1300 -177.916250 -173.529972
1301 -178.904500 -177.073440
1302 -192.779000 -189.661620
1303 -207.866250 -200.071403
1304 -202.936750 -198.909599
1305 -195.102000 -200.889676
1306 -196.615500 -192.795845
1307 -195.519500 -196.260868
1308 -181.977500 -183.431535
1309 -181.718000 -181.169212
1310 -188.046500 -186.013799
1311 -190.212750 -185.369789
1312 -176.250500 -180.287096
1313 -178.435750 -177.244397
1314 -177.352250 -177.368001
1315 -187.506000 -179.402880
1316 -185.028750 -188.145421
1317 -186.753000 -184.182301
1318 -182.830750 -179.603883
1319 -182.897500 -182.435666
1320 -196.081000 -192.622617
1321 -193.477250 -191.903900
1322 -194.253750 -196.659335
1323 -188.841750 -187.293665
1324 -205.596750 -204.485765
1325 -205.594750 -205.129787
1326 -202.442750 -208.059458
1327 -200.626000 -200.130414
1328 -202.192000 -192.772995
1329 -205.802750 -209.610531
1330 -206.424000 -202.975252
1331 -201.477000 -198.825192
1332 -201.477500 -201.967382
1333 -206.865000 -202.145528
1334 -194.918750 -199.675806
1335 -196.242000 -194.879530
1336 -200.719250 -200.937682
1337 -205.113250 -206.007742
1338 -208.611000 -208.726865
1339 -213.239750 -210.610070
1340 -209.067750 -207.327842
1341 -201.492500 -204.279969
1342 -201.588750 -203.046412
1343 -208.205250 -206.341858
1344 -207.619750 -199.516205
1345 -207.521750 -205.038853
1346 -201.670000 -199.307847
1347 -207.878750 -206.653659
1348 -212.404250 -208.723402
1349 -206.687750 -210.467897
1350 -203.996750 -204.520599
1351 -185.143750 -190.518174
1352 -182.305750 -181.364050
1353 -180.166750 -183.510637
1354 -197.853500 -191.855464
1355 -195.320500 -197.699511
1356 -184.785750 -190.153549
1357 -185.527750 -184.197428
1358 -208.540250 -206.848304
1359 -209.936000 -213.022360
1360 -214.747250 -210.233360
1361 -212.908500 -212.747508
1362 -217.272000 -212.323060
1363 -209.807000 -205.515309
1364 -210.331250 -209.355558
1365 -212.715250 -212.977958
1366 -208.956500 -209.553492
1367 -192.948250 -208.798025
1368 -201.585250 -194.744850
1369 -206.126500 -197.190384
1370 -201.311000 -198.786348
1371 -208.980000 -206.954301
1372 -209.644500 -207.446788
1373 -193.198500 -201.735531
1374 -210.695250 -203.123573
1375 -200.123750 -206.065949
1376 -198.205000 -200.066574
1377 -199.293750 -198.823820
1378 -206.567500 -199.873821
1379 -205.806750 -206.828436
1380 -211.944500 -209.494496
1381 -217.429500 -215.950574
1382 -198.637250 -197.328214
1383 -188.648000 -184.865644
1384 -179.880750 -180.512068
1385 -207.447000 -207.108002
1386 -202.926750 -203.939792
1387 -199.949000 -202.852851
1388 -184.846250 -190.458364
1389 -183.648500 -190.571353
1390 -184.446750 -186.166075
1391 -203.799750 -210.125255
1392 -202.788250 -203.184941
1393 -211.004500 -204.926806
1394 -209.941500 -210.404088
1395 -199.712000 -203.620079
1396 -199.412250 -203.238493
1397 -200.508250 -198.988208
1398 -211.109750 -206.241344
1399 -205.851750 -210.696455
1400 -211.462500 -206.734507
1401 -204.019500 -206.558372
1402 -219.088000 -213.395094
1403 -212.277500 -207.785593
1404 -200.431000 -201.384995
1405 -177.535000 -183.168343
1406 -204.176500 -188.986135
1407 -200.329000 -202.340816
1408 -206.353000 -202.826414
1409 -205.815500 -199.799220
1410 -192.546500 -196.103394
1411 -196.262000 -192.526097
1412 -187.051000 -187.725294
1413 -186.035000 -185.965488
1414 -22.120250 -23.355655
1415 -201.968000 -205.913818
1416 -198.157750 -203.472722
1417 -208.700000 -205.408482
1418 -210.486250 -210.389998
1419 -205.956500 -210.666725
1420 -205.270500 -208.417863
1421 -200.150750 -197.026319
1422 -209.475750 -205.471687
1423 -190.424250 -192.043612
1424 -192.593000 -185.397315
1425 -199.368000 -201.073670
1426 -196.712750 -203.032259
1427 -204.729500 -193.611424
1428 -198.643500 -208.886782
1429 -199.880750 -194.524742
1430 -195.433000 -196.273887
1431 -196.119000 -200.142301
1432 -198.104250 -198.232699
1433 -206.675250 -208.650262
1434 -206.676250 -206.543366
1435 -186.068750 -197.016053
1436 -184.148250 -188.245035
1437 -176.185750 -179.168377
1438 -189.898750 -192.737958
1439 -187.348750 -182.044774
1440 -192.934000 -193.516641
1441 -200.399500 -197.872953
1442 -200.382750 -200.632596
1443 -204.130750 -204.652335
1444 -203.252500 -205.091697
1445 -200.879000 -199.200129
1446 -198.987000 -202.861073
1447 -154.905000 -156.984240
1448 -165.648250 -165.913466
1449 -158.122750 -163.103493
1450 -183.040750 -168.101774
1451 -183.260750 -181.586226
1452 -180.475750 -182.710944
1453 -186.293500 -181.760718
1454 -185.663250 -184.357235
1455 -175.736750 -179.176737
1456 -172.978500 -172.320827
1457 -167.520500 -168.963711
1458 -155.434000 -163.345157
1459 -167.319000 -165.052505
1460 -170.157500 -172.006330
1461 -166.534500 -166.848929
1462 -169.335000 -166.832748
1463 -182.224250 -173.474749
1464 -182.280750 -180.633492
1465 -180.844750 -183.700003
1466 -182.472500 -180.266258
1467 -173.328750 -174.347424
1468 -182.935750 -178.480314
1469 -187.379000 -185.921103
1470 -184.742000 -184.438809
1471 -183.275500 -179.505501
1472 -188.228000 -185.359212
1473 -186.762500 -183.977206
1474 -176.659500 -183.153264
1475 -177.948000 -177.605113
1476 -181.836000 -178.961672
1477 -179.402250 -177.571723
1478 -182.474000 -179.924587
1479 -178.288500 -179.730663
1480 -166.326250 -173.785099
1481 -157.510750 -155.919642
1482 -160.835750 -164.882091
1483 -168.499000 -162.207871
1484 -172.704000 -169.629985
1485 -171.881750 -171.345885
1486 -165.355000 -166.442079
1487 -167.629750 -164.904984
1488 -158.051500 -157.226480
1489 -160.844250 -160.726622
1490 -154.350250 -153.229100
1491 -157.564000 -158.374643
1492 -162.242000 -162.292943
1493 -164.415250 -164.632119
1494 -166.392250 -166.637913
1495 -163.885750 -166.376915
1496 -163.125500 -163.995300
1497 -166.460500 -165.814177
1498 -165.497500 -165.051530
1499 -165.649750 -164.998675
1500 -163.926000 -165.144251
1501 -165.465000 -164.462456
1502 -161.696500 -159.274062
1503 -164.645750 -163.653740
1504 -159.441500 -163.258512
1505 -163.199500 -162.253152
1506 -160.175000 -159.048623
1507 -160.561500 -163.725619
1508 -154.538750 -155.514594
1509 -160.615500 -158.716790
1510 -159.632750 -160.386965
1511 -156.978500 -157.412511
1512 -154.090250 -153.192975
1513 -164.246250 -161.795334
1514 -160.194750 -159.366745
1515 -167.753750 -165.774797
1516 -162.981250 -164.224872
1517 -157.593000 -156.330257
1518 -159.207250 -161.343810
1519 -162.537000 -163.531720
1520 -161.941500 -167.556024
1521 -156.938750 -161.190445
1522 -155.936000 -154.109608
1523 -157.575000 -163.267891
1524 -164.199000 -164.209438
1525 -175.419750 -162.669013
1526 -178.612250 -175.088280
1527 -176.333000 -173.663457
1528 -175.192000 -175.840769
1529 -169.867000 -170.609982
1530 -184.399250 -181.205717
1531 -185.421500 -182.736865
1532 -186.793000 -186.709560
1533 -186.711750 -184.789288
1534 -179.736250 -185.456377
1535 -176.066000 -180.811497
1536 -177.162750 -169.942141
1537 -168.858000 -169.446549
1538 -167.941750 -165.746309
1539 -175.279500 -172.039164
1540 -175.126000 -174.855707
1541 -172.455000 -171.284997
1542 -184.902750 -176.856047
1543 -186.337000 -187.622856
1544 -183.221250 -181.557711
1545 -196.665500 -192.584269
1546 -202.751250 -198.501059
1547 -198.957500 -202.431916
1548 -203.581000 -200.656585
1549 -206.871000 -200.764238
1550 -204.535750 -202.361327
1551 -206.125750 -197.786513
1552 -201.858750 -203.371622
1553 -201.175000 -200.259677
1554 -190.146250 -193.299712
1555 -196.530750 -197.731507
1556 -208.812750 -206.656448
1557 -210.583000 -207.644681
1558 -149.125250 -155.851648
1559 -150.324000 -153.241147
1560 -148.662500 -151.168340
1561 -150.205750 -153.741989
1562 -153.080250 -154.880796
1563 -151.683250 -153.311264
1564 -151.649000 -153.249234
1565 -154.769250 -155.989004
1566 -157.909250 -158.234534
1567 -155.615250 -156.698902
1568 -157.510500 -158.418944
1569 -157.374000 -156.888994
1570 -156.432750 -157.527725
1571 -157.891000 -159.596842
1572 -156.950750 -157.905157
1573 -156.248000 -156.478602
1574 -154.438500 -155.527984
1575 -158.186000 -158.350946
1576 -157.650000 -158.269569
1577 -159.236250 -160.970080
1578 -159.215500 -158.389105
1579 -157.178000 -155.879959
1580 -164.637250 -163.759761
1581 -164.881250 -164.631051
1582 -161.210250 -160.763709
1583 -161.667000 -159.539077
1584 -159.942750 -158.582489
1585 -161.415000 -164.017780
1586 -161.232500 -161.591821
1587 -164.926750 -165.670063
1588 -166.514750 -168.230769
1589 -167.139250 -167.679136
1590 -165.292250 -166.463577
1591 -167.526750 -167.940004
1592 -171.324000 -170.693613
1593 -165.244750 -165.416719
1594 -153.428250 -161.058453
1595 -158.916250 -160.427787
1596 -164.405000 -156.899814
1597 -164.505000 -165.663282
1598 -169.949750 -168.448073
1599 -168.655750 -170.717032
1600 -172.586000 -172.540945
1601 -162.362500 -161.076926
1602 -166.927500 -170.727387
1603 -171.023000 -163.323840
1604 -171.183000 -170.722822
1605 -172.414250 -172.754162
1606 -181.803250 -177.799601
1607 -163.781000 -166.884665
1608 -164.668750 -163.779170
1609 -153.960500 -159.639836
1610 -154.125750 -155.538447
1611 -167.604250 -168.729736
1612 -164.347250 -169.602723
1613 -164.661250 -166.350373
1614 -158.896000 -162.331118
1615 -157.817000 -158.207762
1616 -157.481500 -158.947726
1617 -160.152500 -163.300083
1618 -163.871000 -164.807135
1619 -166.450250 -165.732629
1620 -170.458000 -169.243538
1621 -171.257750 -169.940453
1622 -167.681250 -171.472675
1623 -168.811250 -169.518614
1624 -166.237000 -167.128610
1625 -166.900500 -164.358746
1626 -168.113500 -167.521098
1627 -173.450250 -169.864130
1628 -167.642500 -167.501831
1629 -165.786500 -167.005969
1630 -164.697000 -163.003575
1631 -164.489750 -163.540060
1632 -166.244000 -165.418010
1633 -164.072500 -163.979191
1634 -159.672250 -163.826640
1635 -160.137000 -159.599735
1636 -160.089000 -159.957990
1637 -167.545500 -163.091461
1638 -161.824000 -163.957113
1639 -161.826250 -158.795080
1640 -161.953000 -163.583857
1641 -161.746750 -158.684358
1642 -157.757000 -158.755318
1643 -160.870750 -160.887382
1644 -157.538250 -158.132081
1645 -157.538250 -158.132081
1646 -157.538250 -158.132081
