2396	14376	812.4592	874.7552
5142	-856.999143	826.7384	795.5436044564
-32704	-32704	629.9392	629.9392
117806	58903	1412.5912	1106.2956
-75684	-57120	406.4432	502.976
14959.999065	-14025	877.791995138	727.07
-16980	10188	711.704	852.9776
-15848	32356.334654	717.5904	968.2529402008
-18214.667146	1438	705.2837308408	807.4776
47701.335168	-11925.332416	1048.0469428736	737.9882714368
-21102.665913	38437	690.2661372524	999.8724
-25988.332495	11736.667505	664.860671026	861.030671026
39897	0	1007.4644	800
-72950	-93376	420.66	314.4448
130080	135500	1476.416	1504.6
64715	78260	1136.518	1206.952
-33201	10415.999349	627.3548	854.1631966148
-151146	-162342	14.0408	-44.1784
-103024	-96448	264.2752	298.4704
-65730	-7825	458.204	759.31
31230	34700	962.396	980.44
-36599.665426	10545.667287	609.6817397848	854.8374698924
-65601	-58509	458.8748	495.7532
-54501	-27987	516.5948	654.4676
-64287	-109526	465.7076	230.4648
35460	-2626.66601	984.392	786.341336748
1400.667367	-34316.334734	807.2834703084	621.5550593832
-496.332837	21342.332837	797.4190692476	910.9801307524
65072	125496	1138.3744	1452.5792
-1847	615.666051	790.3956	803.2014634652
4234	14819	822.0168	877.0588
85344	50292	1243.7888	1061.5184
-20802.667384	8608	691.8261296032	844.7616
-11915	-42894	738.042	576.9512
59616	119232	1110.0032	1420.0064
84018	46431	1236.8936	1041.4412
-7560	8999.99964	760.688	846.799998128
-6352.333707	19057	766.9678647236	899.0964
-6468	-5390	766.3664	771.972
-58373	-22596	496.4604	682.5008
31420	1571	963.384	808.1692
-41652	-39338	583.4096	595.4424
16849.999326	-14154	887.6199964952	726.3992
92597	104545	1281.5044	1343.634
-14877.999654	3459.999654	722.6344017992	817.9919982008
-62176	-98624	476.6848	287.1552
-47530	-69258	552.844	439.8584
74349	94626	1186.6148	1292.0552
-61984	-21307	477.6832	689.2036
-20944	-2992	691.0912	784.4416
-38912	12970.665856	597.6576	867.4474624512
54810	5075	1085.012	826.39
-37584	37584	604.5632	995.4368
-22655.999232	6143.999616	682.1888039936	831.9487980032
33375.998808	-8344.000596	973.5551938016	756.6111969008
-10137.667263	2981.667263	747.2841302324	815.5046697676
-14298	19858.332539	725.6504	903.2633292028
-64152	-66825	466.4096	452.51
-90753	-114023	328.0844	207.0804
-64768	-60352	463.2064	486.1696
-51020.668426	5278	534.6925241848	827.4456
9810.332817	-28398.334366	851.0137306484	652.3286612968
19413.33264	-12480	900.949329728	735.104
16512.666181	-9713.333819	885.8658641412	749.4906641412
-14588	15282.665972	724.1424	879.4698630544
-44234	-124896	569.9832	150.5408
-19608.000516	28895.998968	698.0383973168	950.2591946336
-53520	-16056	521.696	716.5088
-1396.000698	10470	792.7407963704	854.444
88620	75960	1260.824	1194.992
-1451.999637	14157	792.4496018876	873.6164
-37622.332058	17854.666029	604.3638732984	892.8442633508
-84227	-108680	362.0196	234.864
36374.334818	-22270	989.1465410536	684.196
97080	135912	1304.816	1506.7424
24753.666091	-30510.332182	928.7190636732	641.3462726536
-54054	-22022	518.9192	685.4856
-26334	3762	663.0632	819.5624
-16401	-13419	714.7148	730.2212
-144381	-101320	49.2188	273.136
33364.000878	-4390.000878	973.4928045656	777.1719954344
39227.334686	-27053.332657	1003.9821403672	659.3226701836
27522	66303	943.1144	1144.7756
-11025	25200	742.67	931.04
-5667	11963.666037	770.5316	862.2110633924
21258	18896	910.5416	898.2592
58856	4204	1106.0512	821.8608
-25568.000544	6528	667.0463971712	833.9456
23155.333826	-8868	920.4077358952	753.8864
-79292	-103264	387.6816	263.0272
0	-35285.665713	800	616.5145382924
-20897.999514	27702	691.3304025272	944.0504
7061.334216	-37072	836.7189379232	607.2256
-130190	-52630	123.012	526.324
22752	0	918.3104	800
-7846.66631	6420	759.197335188	833.384
10480	-7860	854.496	759.128
-27262.666074	0	658.2341364152	800
46291	-19061	1040.7132	700.8828
-14881.000647	3882	722.6187966356	820.1864
67456	45696	1150.7712	1037.6192
-11914	6240.667234	738.0472	832.4514696168
-55138	-43530	513.2824	573.644
34496	51744	979.3792	1069.0688
8229.999177	-6584.000823	842.7959957204	765.7631957204
-41952	-87552	581.8496	344.7296
-36062.665692	40936	612.4741384016	1012.8672
-89156	-135172	336.3888	97.1056
-5376.000384	4608	772.0447980032	823.9616
-98730	-57044	286.604	503.3712
-59395	-16970	491.146	711.756
46120	13836	1039.824	871.9472
-2839	17980.332387	785.2372	893.4977284124
78416	22984	1207.7632	919.5168
5023.33379	-15070	826.121335708	721.636
-2431.332986	9378	787.3570684728	848.7656
-71325	-42795	429.11	577.466
15829.332768	-32789.334464	882.3125303936	629.4954607872
102105	38573	1330.946	1000.5796
18036	10020	893.7872	852.104
33160	69636	972.432	1162.1072
7541.332862	-19324.667138	839.2149308824	699.5117308824
9489.334196	-3450.665804	849.3445378192	782.0565378192
51350	50323	1067.02	1061.6796
5152.332937	-7134	826.7921312724	762.9032
-15048	16871.999544	721.7504	887.7343976288
-5579.999442	29573.998884	770.9840029016	953.7847941968
-24962.665992	1349.334008	670.1941368416	807.0165368416
110167	45679	1372.8684	1037.5308
28186.665962	-3523.334038	946.5706630024	781.6786630024
9842.000703	-2811.999297	851.1784036556	785.3776036556
11560	90168	860.112	1268.8736
-13694.000334	3339.999666	728.7911982632	817.3679982632
1979	55412	810.2908	1088.1424
56212	28106	1092.3024	946.1512
-30245	-26300	642.726	663.24
28373.33408	-28373.33408	947.541337216	652.458662784
19779	-14920.999653	902.8508	722.4108018044
-29127	-3066	648.5396	784.0568
-31164.001272	8904.000636	637.9471933856	846.3008033072
-8540	-58560	755.592	495.488
14873.999598	-17285.999598	877.3447979096	710.1128020904
-64152	-16038	466.4096	716.6024
115799	142729	1402.1548	1542.1908
28447.665749	-1835.334251	947.9278618948	790.4562618948
-31648	-13846	635.4304	728.0008
-23724	22405.999341	676.6352	916.5111965732
43000	3225	1023.6	816.77
-67366	-145096	449.6968	45.5008
50880	12720	1064.576	866.144
45126	95266	1034.6552	1295.3832
-25202.999187	11382.000813	668.9444042276	859.1864042276
-21411	-74115	688.6628	414.602
15948	-18901.333924	882.9296	701.7130635952
25172.000868	-50344.001736	930.8944045136	538.2111909728
-58290	0	496.892	800
7674	3837	839.9048	819.9524
8448.667034	-11387.332966	843.9330685768	740.7858685768
-40443.334804	25001.332598	589.6946590192	930.0069295096
-17154	-48603	710.7992	547.2644
-99902	-94644	280.5096	307.8512
69564	11067	1161.7328	857.5484
-91047	-138039	326.5556	82.1972
-56187.664762	22856	507.8241432376	918.8512
-53055	-76635	524.114	401.498
-15374.999385	20295	720.050003198	905.534
-4783.332855	12436.667145	775.126669154	864.670669154
78084	2892	1206.0368	815.0384
-6360	18019.99947	766.928	893.703997244
-29866.66752	8533.33248	644.693328896	844.373328896
90117	69768	1268.6084	1162.7936
12246	-31975.667347	863.6792	633.7265297956
44672	164728	1032.2944	1656.5856
50065	-18445	1060.338	704.086
16080.332487	-17773	883.6177289324	707.5804
-9297	-11363	751.6556	740.9124
8160	-37173.33424	842.432	606.698661952
65590	80582	1141.068	1219.0264
-36775	-48543	608.77	547.5764
61282	80138	1118.6664	1216.7176
28065	-25570.333957	945.938	667.0342634236
27534	97428	943.1768	1306.6256
-26257	-59675	663.4636	489.69
6776	15246	835.2352	879.2792
40392	47124	1010.0384	1045.0448
-11604.667113	4909.667113	739.6557310124	825.5302689876
-12119.334199	865.665801	736.9794621652	804.5014621652
-11195.334133	23190.334133	741.7842625084	920.5897374916
-13365	-85536	730.502	355.2128
-62526	-47814	474.8648	551.3672
-10840	11562.667028	743.632	860.1258685456
10150	24360	852.78	926.672
-17970	14376	706.556	874.7552
-42300	-99405	580.04	283.094
-22572	-14364	682.6256	725.3072
16564.000404	-8080.000404	886.1328021008	757.9839978992
62814	3249	1126.6328	816.8948
5339.999466	-31505.998932	827.7679972232	636.1688055536
-22200	18500	684.56	896.2
-66625	-17875	453.55	707.05
-109400	-54700	231.12	515.56
13599	0	870.7148	800
-17456	20729	709.2288	907.7908
-5991	-11982	768.8468	737.6936
-60256	-114056	486.6688	206.9088
28550.667418	-25545.332582	948.4634705736	667.1642705736
26145	17430	935.954	890.636
16814	-2802.332933	887.4328	785.4278687484
65448	73629	1140.3296	1182.8708
38226.66748	-41480	998.778670896	584.304
50102	38540	1060.5304	1000.408
-19008	-23760	701.1584	676.448
-4775.000955	9549.999045	775.169995034	849.659995034
-1504.667419	10532.667419	792.1757294212	854.7698705788
-1843.334255	31336.665745	790.414661874	962.950661874
52184	137576	1071.3568	1515.3952
3039	-1013	815.8028	794.7324
23260.332583	0	920.9537294316	800
-32470	7003.33397	631.156	836.417336644
67640	32129	1151.728	967.0708
16928	2116	888.0256	811.0032
9156.000654	-11118.000654	847.6112034008	742.1863965992
-16301.999259	30381.000741	715.2296038532	957.9812038532
-62667	-1899	474.1316	790.1252
-19992	0	696.0416	800
6580	60536	834.216	1114.7872
145432	131712	1556.2464	1484.9024
-33660	-115005	624.968	201.974
-51369.331592	23508	532.8794757216	922.2416
-25998	-23522	664.8104	677.6856
28405	53105	947.706	1076.146
-3375	20999.99925	782.45	909.1999961
22113	-8189.999181	914.9876	757.4120042588
41136	-19711.000857	1013.9072	697.5027955436
75460	94325	1192.392	1290.49
-5070	11830.000845	773.636	861.516004394
-13749.332474	28358	728.5034711352	947.4616
-24849	3681.332413	670.7852	819.1429285476
78995	51240	1210.774	1066.448
-12846	-36397	733.2008	610.7356
-15534	-80259	719.2232	382.6532
18112	66788	894.1824	1147.2976
18368	18368	895.5136	895.5136
13545	5418	870.434	828.1736
-22476.667484	2043.333742	683.1213290832	810.6253354584
-26046	15434.667149	664.5608	880.2602691748
-6464	-61408	766.3872	480.6784
20165.333864	-23349.333864	904.8597360928	678.5834639072
-19403.999118	38808.000882	699.0992045864	1001.8016045864
56150	94332	1091.98	1290.5264
20813.333928	-29733.332144	908.2293364256	645.3866728512
-34972	-58703	618.1456	494.7444
52374.001806	-7224.000903	1072.3448093912	762.4351953044
-20679.99906	43239.99906	692.464004888	1024.847995112
100176	54262	1320.9152	1082.1624
18036	82665	893.7872	1229.858
-11193	18121.999467	741.7964	894.2343972284
24579	-25489.332423	927.8108	667.4554714004
-8583	-111579	755.3684	219.7892
-145481	-130636	43.4988	120.6928
-28588.667419	15046.667419	651.3389294212	878.2426705788
-93942	-73680	311.5016	416.864
0	72736	800	1178.2272
1838.000919	-38598	809.5576047788	599.2904
-31584	-123704	635.7632	156.7392
30570	8152	958.964	842.3904
25904	85807	934.7008	1246.1964
-38828	2284	598.0944	811.8768
-4892.332957	10913.667043	774.5598686236	856.7510686236
-41679	-22734	583.2692	681.7832
74550	8520	1187.66	844.304
-29535.001074	30071.998926	646.4179944152	956.3743944152
-16019.667609	29212.332391	716.6977284332	951.9041284332
27298.667608	-22121.333804	941.9530715616	684.9690642192
-30030	-9555	643.844	750.314
0	39767.665166	800	1006.7918588632
-12478.667558	46349.335116	735.1109286984	1041.0165426032
-27339	3505.000701	657.8372	818.2260036452
19287	-32145	900.2924	632.846
53618	8466	1078.8136	844.0232
12500	47500	865	1047
-19865.000685	19865.000685	696.701996438	903.298003562
-10965.332648	22616	742.9802702304	917.6032
83752	11552	1235.5104	860.0704
2044	42924	810.6288	1023.2048
10485	-19416.66589	854.522	699.033337372
72135	109233	1175.102	1368.0116
33696	-8424	975.2192	756.1952
-9906	25315.332783	748.4888	931.6397304716
89856	74880	1267.2512	1189.376
-7515	18536.999499	760.922	896.3923973948
-35910	-9576	613.268	750.2048
-27754.332286	7331.333857	655.6774721128	838.1229360564
-32580	-54300	630.584	517.64
84189	28063	1237.7828	945.9276
48050	9610	1049.86	849.972
-9937.333676	16790.667352	748.3258648848	887.3114702304
-19430.667414	29893.332586	698.9605294472	955.4453294472
-52528.668478	9056.665761	526.8509239144	847.0946619572
-1990.000398	18706.000398	789.6519979304	897.2712020696
14432.000352	-1056	875.0464018304	794.5088
40180	80360	1008.936	1217.872
-15096.999513	6818.000487	721.4956025324	835.4536025324
-51480	-12870	532.304	733.076
-3979.999005	16915.000995	779.304005174	887.958005174
40794	6276	1012.1288	832.6352
3831.999042	-53647.998084	819.9263950184	521.0304099632
-40785	-21752	587.918	686.8896
-120001	-71021	175.9948	430.6908
-44749.664978	18575.332489	567.3017421144	896.5917289428
-55200	-58800	512.96	494.24
-66720	-108420	453.056	236.216
51660	43050	1068.632	1023.86
-34428	8456.000604	620.9744	843.9712031408
-2756	17914	785.6688	893.1528
29345.334462	-31602.665538	952.5957392024	635.6661392024
-40608	-63168	588.8384	471.5264
-15516	-8620	719.3168	755.176
14650	-15626.667155	876.18	718.741330794
-47753.33498	27170	551.682658104	941.284
7470	34860	838.844	981.272
146661	36022	1562.6372	987.3144
-8426.665824	10112	756.1813377152	852.5824
-67816	-31486	447.3568	636.2728
-20493.33256	18560	693.434670688	896.512
-18600	-11625	703.28	739.55
-7489.999251	35952	761.0520038948	986.9504
-778.999221	10126.999221	795.9492040508	852.6603959492
-38304	-2394	600.8192	787.5512
-5133.333975	1925	773.30666333	810.01
-29785.998876	1686	645.1128058448	808.7672
-61376	-50416	480.8448	537.8368
25050.667236	-27328	930.2634696272	657.8944
-2880.000576	8064.000576	785.0239970048	841.9328029952
34650	80388	980.18	1218.0176
9450	-33389.99874	849.14	626.372006552
-38930	-14885	597.564	722.598
102600	65664	1333.52	1141.4528
-12333.33395	3083.33395	735.86666346	816.03333654
56608	97600	1094.3616	1307.52
18911.332338	-46780.667662	898.3389281576	556.7405281576
-22006.999254	1491.999627	685.5636038792	807.7583980604
36722	52460	990.9544	1072.792
-8304	6458.667128	756.8192	833.5850690656
2390	11950	812.428	862.14
-48804	-55776	546.2192	509.9648
24161.667357	-11045.332643	925.6406702564	742.5642702564
-43367	7653	574.4916	839.7956
-2636	26360	786.2928	937.072
-763.333715	17175	796.030664682	889.31
-10112.667586	21144.667586	747.4141285528	909.9522714472
39134.668264	-27953.334132	1003.5002749728	654.6426625136
21610.667342	-6753.332658	912.3754701784	764.8826701784
1552	71392	808.0704	1171.2384
960.00048	-23999.99904	804.992002496	675.200004992
11856	106704	861.6512	1354.8608
-6006.666066	4204.666066	768.7653364568	821.8642635432
-15458.667576	22733.332424	719.6149286048	918.2133286048
-21645	-4810	687.446	774.988
-11480	5357.332568	740.304	827.8581293536
-18032.333717	12277.333717	706.2318646716	863.8421353284
5975.666207	-27120.332414	831.0734642764	658.9742714472
-15127.999512	12688.000488	721.3344025376	865.9776025376
130327	24590	1477.7004	927.868
13558.332791	-4338.667209	870.5033305132	777.4389305132
30303	18759	957.5756	897.5468
11920	119200	861.984	1419.84
30924	-23479.333906	960.8048	677.9074636888
-11264	2816	741.4272	814.6432
13528	57494	870.3456	1098.9688
46843.33433	-14950	1043.585338516	722.26
-106723	-67678	245.0404	448.0744
19418	-1022	900.9736	794.6856
-7416.332943	3513	761.4350686964	818.2676
-39976	29456	592.1248	953.1712
21005.667391	-18108.332609	909.2294704332	705.8366704332
31248	-10416	962.4896	745.8368
-81972	-5346	373.7456	772.2008
-14905	-48780	722.494	546.344
-101688	-29436	271.2224	646.9328
40356	47082	1009.8512	1044.8264
51975	73150	1070.27	1180.38
14560	7280	875.712	837.856
44118	53922	1029.4136	1080.3944
64746	44145	1136.6792	1029.554
2588.333851	-25883.332298	813.4593360252	665.4066720504
34151	18389	977.5852	895.6228
-131924	-107328	113.9952	241.8944
-8708.332875	13291.667125	754.71666905	869.11666905
-3554	-83519	781.5192	365.7012
29670	46440	954.284	1041.488
7071	-31426.665881	836.7692	636.5813374188
-8400.00042	6300	756.319997816	832.76
-40125	-19260	591.35	699.848
-22304	-15744	684.0192	718.1312
15576.000354	-14159.999646	880.9952018408	726.3680018408
-18835.332342	51549.335316	702.0562718216	1068.0565436432
-125384	-123145	148.0032	159.646
39438	24101	1005.0776	925.3252
-17783.666093	20652	707.5249363164	907.3904
12907.999539	-11986.000461	867.1215976028	737.6727976028
-10353.000609	9743.999391	746.1643968332	850.6687968332
-21141.66595	2150	690.06333706	811.18
11736	-9780.000489	861.0272	749.1439974572
5422.665892	-34860	828.1978626384	618.728
70335	45327	1165.742	1035.7004
-18135	-2790	705.698	785.492
95688	66450	1297.5776	1145.54
62140	83650	1123.128	1234.98
26590.667752	-2713.333876	938.2714723104	785.8906638448
30120	66515	956.624	1145.878
-92167	-13912	320.7316	727.6576
10113.333839	-21743.666161	852.5893359628	686.9329359628
39368	11396	1004.7136	859.2592
-31266	-83376	637.4168	366.4448
-36360	-90900	610.928	327.32
47408	53334	1046.5216	1077.3368
-63365	-45885	470.502	561.398
-18814.000818	15541.999182	702.1671957464	880.8183957464
-24039.999399	12020.000601	674.9920031252	862.5040031252
-822.332511	9868	795.7238709428	851.3136
28574	10205	948.5848	853.066
-117519	-98388	188.9012	288.3824
71145	100980	1169.954	1325.096
36278	29876	988.6456	955.3552
7385	-2461.666315	838.402	787.199335162
27326	-7707.334034	942.0952	759.9218630232
-37808	-3336	603.3984	782.6528
16980	14716	888.296	876.5232
19740.000987	-33557.999013	902.6480051324	625.4984051324
14014	7007	872.8728	836.4364
-141926	-137032	61.9847999999999	87.4336
-36531	-37638	610.0388	604.2824
136759	108849	1511.1468	1366.0148
-29263	-49522	647.8324	542.4856
23032	141071	919.7664	1533.5692
0	31724.000721	800	964.9648037492
3426	54816	817.8152	1085.0432
2030.666159	-28937	810.5594640268	649.5276
-60291	-111969	486.4868	217.7612
37545.334628	-18772.667314	995.2357400656	702.3821299672
-14667.999228	40144.001544	723.7264040144	1008.7488080288
-3075.999231	44602.001538	784.0048039988	1031.9304079976
-20115	4023	695.402	820.9196
-14416	28231.333934	725.0368	946.8029364568
32970	-25643.334066	971.444	666.6546628568
-2896.000362	12307.999638	784.9407981176	864.0015981176
-2014	-50350	789.5272	538.18
-145548	-53181	43.1504	523.4588
10005.332708	-36269.334584	852.0277300816	611.3994601632
37271.668022	-13553.334011	993.8126737144	729.5226631428
-87262	-36043	346.2376	612.5764
-34933.331936	20261.334032	618.3466739328	905.3589369664
52858	30602	1074.8616	959.1304
32352	55268	968.2304	1087.3936
59730	56472	1110.596	1093.6544
-2313.332755	21976.667245	787.970669674	914.278669674
-34100	-5500	622.68	771.4
20224.332863	-1411	905.1665308876	792.6628
-66880	-6080	452.224	768.384
5865	41055	830.498	1013.486
-31920	-63840	634.016	468.032
-16671.667143	14290	713.3073308564	874.308
-78610	-112300	391.228	216.04
-37082.331934	17491.665967	607.1718739432	890.9566630284
-21321	-132664	689.1308	110.1472
-9763.33367	13130	749.230664916	868.276
15633.334115	-9380	881.293337398	751.224
9594.000369	-1475.999631	849.8888019188	792.3248019188
-10874.332761	14880.667239	743.4534696428	877.3794696428
-31380	-20920	636.824	691.216
5032	-8386.665828	826.1664	756.3893376944
-49148	-78190	544.4304	393.412
74045	58985	1185.034	1106.722
-122335	-25605	163.858	666.854
-133814	-159995	104.1672	-31.974
-95350	-20977	304.18	690.9196
-33319.99881	13089.999405	626.736006188	868.067996906
-39390	21008	595.172	909.2416
-2033.332825	29991.66565	789.42666931	955.95666138
-42192	-152946	580.6016	4.68079999999998
-33792	-21120	624.2816	690.176
-14783.332742	17148.667258	723.1266697416	889.1730697416
138150	121572	1518.38	1432.1744
-134550	-93600	100.34	313.28
11088	31248	857.6576	962.4896
-38178	-5454	601.4744	771.6392
-2477	5779.665841	787.1196	830.0542623732
-87186	-89828	346.6328	332.8944
21880.333867	-6404	913.7777361084	766.6992
34240	97584	978.048	1307.4368
-10200	5439.99966	746.96	828.287998232
3553.332978	-17411.334044	818.4773314856	709.4610629712
15028.000884	-43316.001768	878.1456045968	574.7567908064
-33560	-6712	625.488	765.0976
93708	20824	1287.2816	908.2848
-31488.000984	3935.999016	636.2623948832	820.4671948832
10746.66708	-20253.33416	855.882668816	694.682662368
99902	0	1319.4904	800
41829.332424	-9093.332424	1017.5125286048	752.7146713952
-45679	-64488	562.4692	464.6624
-12483	-9709	735.0884	749.5132
-55195	44543.332365	512.986	1031.625328298
-24642	-49284	671.8616	543.7232
-1202.000601	35458.998798	793.7495968748	984.3867937496
-67760	-101640	447.648	271.472
-111384	-65520	220.8032	459.296
-13930.667102	13060	727.5605310696	867.912
19374.667107	0	900.7482689564	800
127064	45380	1460.7328	1035.976
56490	21520	1093.748	911.904
149800	128828	1578.96	1469.9056
29160	-7128.000648	951.632	762.9343966304
-23398.665831	42619	678.3269376788	1021.6188
-38448	-14240	600.0704	725.952
-28617.334434	28617.334434	651.1898609432	948.8101390568
14420.999241	-18974.999241	874.9891960532	701.3300039468
45668.33161	-15510	1037.475324372	719.348
-44304.001704	24708.000852	569.6191911392	928.4816044304
0	-7840	800	759.232
19626.66752	-5120	902.058671104	773.376
-38920	-37808	597.616	603.3984
-9568	3986.666268	750.2464	820.7306645936
5345.665903	-9164	827.7974626956	752.3472
-53944	-41684	519.4912	583.2432
-8340	16680	756.632	886.736
21744	-23556.000906	913.0688	677.5087952888
47240.664884	-16044	1045.6514573968	716.5712
-24066	-42784	674.8568	577.5232
-62608	-4472	474.4384	776.7456
629.666037	-34631.667926	803.2742633924	619.9153267848
10752	84224	855.9104	1237.9648
4095.667039	-13776.332961	821.2974686028	728.3630686028
-778.667056	17520	795.9509313088	891.104
67643	120581	1151.7436	1427.0212
21008	-23196.332458	909.2416	679.3790712184
-4734	40239	775.3832	1009.2428
-19721	10619	697.4508	855.2188
16376	-23881.667349	885.1552	675.8153297852
27120	-24408	941.024	673.0784
37232	74464	993.6064	1187.2128
-16784	-15735	712.7232	718.178
27278	4744	941.8456	824.6688
19881.334098	-9940.665902	903.3829373096	748.3085373096
-20286.000882	3527.999118	694.5127954136	818.3455954136
-127536	-31884	136.8128	634.2032
-48468	-73856	547.9664	415.9488
-57376	-40424	501.6448	589.7952
-40883.331698	34342	587.4066751704	978.5784
42252	22132	1019.7104	915.0864
25470	-31130.001132	932.444	638.1239941136
-50490	-5610	537.452	770.828
-15627.332623	20599.667377	718.7378703604	907.1182703604
-68607	-89397	443.2436	335.1356
29512	28458	953.4624	947.9816
-9936.666215	2710	748.329335682	814.092
-27222.665866	2402	658.4421374968	812.4904
80575	70320	1218.99	1165.664
14344.333957	-31807	874.5905365764	634.6036
-32148	33934.000893	632.8304	976.4568046436
-3136.000392	4704	783.6927979616	824.4608
13788.667197	-18031.332803	871.7010694244	706.2370694244
-20896.000653	35262	691.3407966044	983.3624
33464.000712	-2847.999288	974.0128037024	785.1904037024
41364	-14553.999234	1015.0928	724.3192039832
61360	2360	1119.072	812.272
17742	138979	892.2584	1522.6908
-66132	-93687	456.1136	312.8276
32773.332514	-22941.332514	970.4213290728	680.7050709272
-109896	-48200	228.5408	549.36
-1476	-79704	792.3248	385.5392
-15944.332819	20573.332819	717.0894693412	906.9813306588
1651	-17610.667217	808.5852	708.4245304716
-16992	-27612	711.6416	656.4176
12642	81270	865.7384	1222.604
50440	6305	1062.288	832.786
53032	66290	1075.7664	1144.708
15835.999572	-11128.000428	882.3471977744	742.1343977744
7704	-37236.001284	840.0608	606.3727933232
-136620	-86020	89.576	352.696
8983.33415	-30216.66585	846.71333758	642.87333758
-33373.999098	39688.000902	626.4552046904	1006.3776046904
-6740	-1348	764.952	792.9904
2954.667036	-6648	815.3642685872	765.4304
26149.667734	-16010	935.9782722168	716.748
51150	93775	1065.98	1287.63
-7311.999543	22849.999086	761.9776023764	918.8199952472
100581	131529	1323.0212	1483.9508
37859.665238	-27144.667381	996.8702592376	658.8477296188
-8857.332652	12945.332652	753.9418702096	867.3157297904
-54106	-39539	518.6488	594.3972
-31279.99932	24480	637.344003536	927.296
-111333	-105672	221.0684	250.5056
46980	25839	1044.296	934.3628
103734	105655	1339.4168	1349.406
71398	62781	1171.2696	1126.4612
48771.335324	-30855.332338	1053.6109436848	639.5522718424
-22641.665761	22641.665761	682.2633380428	917.7366619572
-2749	916.332417	785.7052	804.7649285684
28184.001084	-2167.999458	946.5568056368	788.7264028184
-10811.665835	30771.665835	743.779337658	960.012662342
14910.999519	-25492.999038	877.5371974988	667.4364050024
82488	4419	1228.9376	822.9788
-131000	-81220	118.8	377.656
40832	53592	1012.3264	1078.6784
18154.666176	-3434.666176	894.4042641152	782.1397358848
40576	-13525.332488	1010.9952	729.6682710624
9433.332956	-2641.332956	849.0533313712	786.2650686288
99038	68896	1314.9976	1158.2592
135450	135450	1504.34	1504.34
-66144	-12480	456.0512	735.104
12784.000752	-11280	866.4768039104	741.344
32421.667593	-10189.667593	968.5926714836	747.0137285164
21744.667503	-5018	913.0722710156	773.9064
7014	-19483.332554	836.4728	698.6866707192
3474	-9843.000579	818.0648	748.8163969892
-4058.667174	21815.332826	778.8949306952	913.4397306952
-5144	25720	773.2512	933.744
-48392	-111512	548.3616	220.1376
-3356	-85578	782.5488	354.9944
-34070.667441	6969	622.8325293068	836.2388
31057.998828	-21096	961.5015939056	690.3008
19600	39200	901.92	1003.84
59864	64140	1111.2928	1133.528
-61560	-67716	479.888	447.8768
-110397	-13518	225.9356	729.7064
24360	-15427.999188	926.672	719.7744042224
-7378.667589	12912.667589	761.6309285372	867.1458714628
88065	57165	1257.938	1097.258
-11361	0	740.9228	800
46279.334318	-30524.665682	1040.6525384536	641.2717384536
-60741	-65505	484.1468	459.374
-40200	-11256	590.96	741.4688
113232	22242	1388.8064	915.6584
55076	72779	1086.3952	1178.4508
-99654	-62528	281.7992	474.8544
8479.333939	-16958.666061	844.0925364828	711.8149364828
15701	-38131	881.6452	601.7188
-26231	12858.332819	663.5988	866.8633306588
-15260.665973	31908.665973	720.6445369404	965.9250630596
-18931	13768	701.5588	871.5936
-5018	25926.332497	773.9064	934.8169289844
14988	-19984	877.9376	696.0832
11736	-17604	861.0272	708.4592
27675	54243	943.91	1082.0636
18356	-26357.332392	895.4512	662.9418715616
-139355	-109705	75.354	229.534
44761	123751	1032.7572	1443.5052
14115	-22584	873.398	682.5632
-85638	-106028	354.6824	248.6544
58005	50271	1101.626	1061.4092
18434.000709	-13470.999291	895.8568036868	729.9508036868
27845.999181	-8189.999181	944.7991957412	757.4120042588
-33128.000808	14544	627.7343957984	875.6288
25344	61776	931.7888	1121.2352
-25586.66734	2020	666.949329832	810.504
-138816	-167736	78.1568	-72.2272
-99900	-48600	280.52	547.28
-16422	-52785	714.6056	525.518
54774	19332	1084.8248	900.5264
-68320	-80032	444.736	383.8336
28386	-13141.666141	947.6072	731.6633360668
-99944	-90334	280.2912	330.2632
-2817	46011.001878	785.3516	1039.2572097656
65472	79360	1140.4544	1212.672
-34782	-53196	619.1336	523.3808
53655	2555	1079.006	813.286
14126.66721	-17386.66721	873.458669492	709.589330508
-15043	19341	721.7764	900.5732
73386	21744	1181.6072	913.0688
-19800	14025.000825	697.04	872.93000429
-15121.666315	1758.333685	721.367335162	809.143335162
75060	75060	1190.312	1190.312
16688	100128	886.7776	1320.6656
5208	-13887.999132	827.0816	727.7824045136
-6719.999328	671.999328	765.0560034944	803.4943965056
-116325	-49500	195.11	542.6
-83249	-80427	367.1052	381.7796
31262.001078	-24255	962.5624056056	673.874
-103056	-30736	264.1088	640.1728
4805.666297	-369.666297	824.9894647444	798.0777352556
6076.000434	-3906	831.5952022568	779.6888
-33231	-54219	627.1988	518.0612
-17285.999598	10854	710.1128020904	856.4408
-118986	-167147	181.2728	-69.1644
120959	75951	1428.9868	1194.9452
32142	125646	967.1384	1453.3592
-10620	7473.33294	744.776	838.861331288
18551	84193	896.4652	1237.8036
11512	-4796.667626	859.8624	775.0573283448
41499.99834	-35689.99917	1015.799991368	614.412004316
-146050	-169418	40.54	-80.9736
-44802	33797.999214	567.0296	975.7495959128
19711.000857	-35137.000857	902.4972044564	617.2875955436
33510	27925	974.252	945.21
20850	54210	908.42	1081.892
-25129	-108248	669.3292	237.1104
57096	60024	1096.8992	1112.1248
-75258	-107802	408.6584	239.4296
-14931	6083.000553	722.3588	831.6316028756
6154.667436	-13848	832.0042706672	727.9904
16172.667618	-19026.667618	884.0978716136	701.0613283864
10119.99954	-9660	852.623997608	749.768
118496	95312	1416.1792	1295.6224
-3706.66574	3706.66574	780.725338152	819.274661848
-116466	-69090	194.3768	440.732
14851.665885	-3126.665885	877.228662602	783.741337398
-9015	9615.999399	753.122	850.0031968748
76989	132981	1200.3428	1491.5012
4290	32890	822.308	971.028
-13853.334026	26321.334026	727.9626630648	936.8709369352
104328	36708	1342.5056	990.8816
777.332556	-3886.667444	804.0421292912	779.7893292912
-40413.33189	14433.334055	589.850674172	875.053337086
3391.667345	-24420	817.636670194	673.016
18569.332356	-52776	896.5605282512	525.5648
58903	122928	1106.2956	1439.2256
-19431.999306	39558	698.9536036088	1005.7016
-57564	-30914	500.6672	639.2472
56035	60838	1091.382	1116.3576
28426.999083	-35763	947.8203952316	614.0324
9453.000411	-822.000411	849.1556021372	795.7255978628
-37305	-44766	606.014	567.2168
75242	101798	1191.2584	1329.3496
-82574	-91922	370.6152	322.0056
-65250	0	460.7	800
-86070	-79275	352.436	387.77
112268	41021	1383.7936	1013.3092
-11424	17136	740.5952	889.1072
20408	127550	906.1216	1463.26
-31597.332404	26021.332404	635.6938714992	935.3109285008
34515	-26077.999233	979.478	664.3944039884
3523.332981	-704.667019	818.3213315012	796.3357315012
15100	-7046.66717	878.52	763.357330716
24039.999399	-31852.998798	925.0079968748	634.3644062504
38425	49184	999.81	1055.7568
-85023	-94068	357.8804	310.8464
25716	81434	933.7232	1223.4568
16782.334063	-20430.665937	887.2681371276	693.7605371276
-43599.998256	6103.999128	573.2800090688	831.7407954656
29052	-11298.000807	951.0704	741.2503958036
5760	44160	829.952	1029.632
-13871	-56551	727.8708	505.9348
-64014	-24516	467.1272	672.5168
5589.332984	-2445.332984	829.0645315168	787.2842684832
12386	-21018.665916	864.4072	690.7029372368
83444	36280	1233.9088	988.656
-28200	6266.66745	653.36	832.58667074
-22986	40012.667518	680.4728	1008.0658710936
6343.332699	-17127	832.9853300348	710.9396
-54043.998168	915.999084	518.9712095264	804.7631952368
-11165	4466	741.942	823.2232
-65901	-89865	457.3148	332.702
8664.333843	-14780.333843	845.0545359836	723.1422640164
-12495	23799.999405	735.026	923.759996906
10365.332536	-797.332536	853.8997291872	795.8538708128
-9760	-41480	749.248	584.304
119964	76131	1423.8128	1195.8812
26032.334231	0	935.3681380012	800
27347.998968	-4128.000516	942.2095946336	778.5343973168
-72177	-38298	424.6796	600.8504
-135877	-138768	93.4396	78.4064
-37440	-53820	605.312	520.136
-54897	-87078	514.5356	347.1944
39378.998514	-742.999257	1004.7707922728	796.1364038636
103356	92664	1337.4512	1281.8528
-900.665766	11708.665766	795.3165380168	860.8850619832
-21497.667191	5243.332809	688.2121306068	827.2653306068
95202	91676	1295.0504	1276.7152
68512	70653	1156.2624	1167.3956
8954.000814	-813.999186	846.5608042328	795.7672042328
-65664	-26496	458.5472	662.2208
61160	5560	1118.032	828.912
46566	100893	1042.1432	1324.6436
24122.999439	-5049	925.4395970828	773.7452
-74592	-43512	412.1216	573.7376
50094	44649	1060.4888	1032.1748
4316.666235	-18993.333765	822.446664422	701.234664422
-32832	-78432	629.2736	392.1536
0	13882	800	872.1864
-13572.000468	6083.999532	729.4255975664	831.6367975664
-42746.001474	7369.999263	577.7207923352	838.3239961676
8943	2981	846.5036	815.5012
33096	-5516	972.0992	771.3168
159831	100233	1631.1212	1321.2116
-38946.66582	33020	597.477337736	971.704
-46566.66836	3386.66582	557.853324528	817.610662264
21748.667239	-25182.667239	913.0930696428	669.0501303572
8065	79037	841.938	1210.9924
5533.334025	-38733.33195	828.77333693	598.58667386
-131725	-129330	115.03	127.484
-117863	-106899	187.1124	244.1252
-40782	0	587.9336	800
47463.33497	-36006.667485	1046.809341844	612.765329078
-10593.33409	29510	744.914662732	953.452
-50660	-23840	536.568	676.032
154755	127605	1604.726	1463.546
83106	67716	1232.1512	1152.1232
-32708.665906	15974	629.9149372888	883.0648
13416	-22919.000559	869.7632	680.8211970932
8052	55022	841.8704	1086.1144
-19008	24287.999472	701.1584	926.2975972544
20640.000645	-29025	907.328003354	649.07
67500	58050	1151	1101.86
-49280.668366	22941	543.7405244968	919.2932
15856	43604	882.4512	1026.7408
-12862.666082	14616.666082	733.1141363736	876.0066636264
1151.333909	-8635	805.9869363268	755.098
-16074	-87514	716.4152	344.9272
-24266.6676	28000	673.81332848	945.6
67309	125334	1150.0068	1451.7368
-52873.335256	24033.332372	525.0586566688	924.9733283344
5435	-2536.332971	828.262	786.8110685508
-23258.665836	5399.332918	679.0549376528	828.0765311736
-83369	-89661	366.4812	333.7628
-48246	-24684	549.1208	671.6432
32888.334273	-46983.331454	971.0193382196	555.6866764392
-424.999575	15724.999575	797.79000221	881.76999779
-8613	20097	755.2124	904.5044
22688	68064	917.9776	1153.9328
27648.33229	-3651.666145	943.771327908	781.011336046
0	-31393.33241	800	636.754671468
-31231.667559	0	637.5953286932	800
-23925	5800.000725	675.59	830.16000377
31068.334221	-3550.665779	961.5553379492	781.5365379492
-20241.333764	13781.333764	694.7450644272	871.6629355728
53331	38619	1077.3212	1000.8188
15808	27968	882.2016	945.4336
89505	107865	1265.426	1360.898
24635	53060	928.102	1075.912
-35259	-13797	616.6532	728.2556
22491	3213	916.9532	816.7076
29209.999365	-33654.99873	951.891996698	624.994006604
-82852	-53262	369.1696	523.0376
10199.999592	-22440.000816	853.0399978784	683.3119957568
-54604	-8030	516.0592	758.244
26883.000927	-2781	939.7916048204	785.5388
3526.667372	-705.332628	818.3386703344	796.3322703344
-11658.332867	27047.334266	739.3766690916	940.6461381832
0	22560.666142	800	917.3154639384
5616	-6864.000624	829.2032	764.3071967552
32160.667513	-18619.332487	967.2354710676	703.1794710676
3145.000629	-32708.001258	816.3540032708	629.9183934584
36426.665756	-13660	989.4186619312	728.968
-913.665753	11877.665753	795.2489380844	861.7638619156
-132500	-127500	111	137
-19327	-36897	699.4996	608.1356
7041	-20340.667449	836.6132	694.2285292652
-56672	-44352	505.3056	569.3696
7777.332924	-15145.332924	840.4421312048	721.2442687952
-11772	-17658	738.7856	708.1784
-21092.667394	4364	690.3181295512	822.6928
5259.999474	-13676.000526	827.3519972648	728.8847972648
-85904	-4602	353.2992	776.0696
-13996.667035	19153.33407	727.217331418	899.597337164
-131328	-131328	117.0944	117.0944
27573.33392	-28160	943.381336384	653.568
-1245.333956	24906.666044	793.5242634288	929.5146634288
-102432	-68288	267.3536	444.9024
12070	49487	862.764	1057.3324
-24860	-14916	670.728	722.4368
-8885	10069.667259	753.798	852.3622697468
-4055.000811	19464	778.9139957828	901.2128
-57720	-45510	499.856	563.348
52593.664682	-19846.667659	1073.4870563464	696.7973281732
-115038	-79431	201.8024	386.9588
-16736	3138	712.9728	816.3176
-13179.000573	12605.999427	731.4691970204	865.5511970204
30996	-33947.999262	961.1792	623.4704038376
15806	0	882.1912	800
-23516.665726	5644	677.7133382248	829.3488
32946	75582	971.3192	1193.0264
-57630	-9605	500.324	750.054
134283	147448	1498.2716	1566.7296
0	-5577.000507	800	770.9995973636
17237.333872	-20469.333872	889.6341361344	693.5594638656
35910	92340	986.732	1280.168
81588	39225	1224.2576	1003.97
3068	-19430.667178	815.9536	698.9605306744
5045.333964	-30272	826.2357366128	642.5856
22880	68640	918.976	1156.928
-40560	43264	589.088	1024.9728
27530.667527	-23229	943.1594711404	679.2092
-18660	-27990	702.968	654.452
-16533.33416	11573.33416	714.026662368	860.181337632
70963	34258	1169.0076	978.1416
-40426	-1189	589.7848	793.8172
88578	66822	1260.6056	1147.4744
-61906	-90478	478.0888	329.5144
-14952.332851	20740.332851	722.2478691748	907.8497308252
162191	82470	1643.3932	1228.844
-70395	-81225	433.946	377.63
-12213.000531	15399.000531	736.4923972388	880.0748027612
-85376	-20416	356.0448	693.8368
23026.332711	-3734	919.7369300972	780.5832
-19926.667663	996.332337	696.3813281524	805.1809281524
-4380	25306.66764	777.224	931.594671728
-26766	-110038	660.8168	227.8024
-16285.332808	15234.667192	715.3162693984	879.2202693984
23555.000673	-30285	922.4860034996	642.518
11007.999312	-4128	857.2415964224	778.5344
-41033.331692	32826.665846	586.6266752016	970.6986623992
81216	61664	1222.3232	1120.6528
-22826.332597	34607.667403	681.3030704956	979.9598704956
-28242	-20397	653.1416	693.9356
-15402.667148	15402.667148	719.9061308304	880.0938691696
-8784	10614.000366	754.3232	855.1928019032
24613.33428	-13253.33428	927.989338256	731.082661744
-78148	-150714	393.6304	16.2872
-69160	-19760	440.368	697.248
50492	110694	1062.5584	1375.6088
-116280	-97920	195.344	290.816
105672	137088	1349.4944	1512.8576
14546	39482	875.6392	1005.3064
-56339	-62717	507.0372	473.8716
-61824	-46368	478.5152	558.8864
-18396	-32850	704.3408	629.18
992.332341	-40685.667659	805.1601281732	588.4345281732
-3184	-49352	783.4432	543.3696
5599.9992	-2400	829.11999584	787.52
-154454	-103857	-3.16079999999999	259.9436
27569.334284	-23291.334284	943.3605382768	678.8850617232
15516	44824	880.6832	1033.0848
-19057	10089	700.9036	852.4628
-3689.332411	0	780.8154714628	800
34890	59313	981.428	1108.4276
54880	5488	1085.376	828.5376
-14976	-77376	722.1248	397.6448
-17509.332708	35018.665416	708.9514699184	982.0970601632
-16656.66579	15780	713.385337892	882.056
9673.333817	-7738.666183	850.3013358484	759.7589358484
-33308.665687	7837.334313	626.7949384276	840.7541384276
70304	73008	1165.5808	1179.6416
-19536	-73260	698.4128	419.048
6723	-30627.000747	834.9596	640.7395961156
-8910	46530.00099	753.668	1041.956005148
-56892	-118956	504.1616	181.4288
-12661.332542	33236	734.1610707816	972.8272
8341.667425	-32608.332575	843.37667061	630.43667061
24417	-16278	926.9684	715.3544
24900	86320	929.48	1248.864
-12465	-15235	735.182	720.778
-19920	9130.00083	696.416	847.476004316
5359.999665	-17085	827.871998258	711.158
81702	110538	1224.8504	1374.7976
-9315	2483.999379	751.562	812.9167967708
-76589	-129409	401.7372	127.0732
19118	55616	899.4136	1089.2032
16725.333856	-7840	886.9717360512	759.232
-16563.667641	30204.332359	713.8689282668	957.0625282668
-15203.667561	52765.664878	720.9409286828	1074.3814573656
-42408	-25916	579.4784	665.2368
77248	61344	1201.6896	1118.9888
28017	112068	945.6884	1382.7536
-48577	-10969	547.3996	742.9612
-8688	-89052	754.8224	336.9296
19199.999232	-3456	899.8399960064	782.0288
1449.334058	0	807.5365371016	800
-103122	-95034	263.7656	305.8232
65569	110789	1140.9588	1376.1028
-10772.333967	17742.666033	743.9838633716	892.2618633716
-46184	-13052	559.8432	732.1296
92750	3500	1282.3	818.2
-6386.333709	3756.666291	766.7910647132	819.5346647132
-15225	8700	720.83	845.24
-38685.999159	38685.999159	598.8328043732	1001.1671956268
10127.999367	-28485	852.6655967084	651.878
-27984	-48336	654.4832	548.6528
8755.000515	-9784.999485	845.526002678	749.118002678
-34289	3361.667339	621.6972	817.4806701628
29722	75656	954.5544	1193.4112
-29036	-70516	649.0128	433.3168
-2066	-14462	789.2568	724.7976
70980	46410	1169.096	1041.332
-83190	-4230	367.412	778.004
-15210	-25350	720.908	668.18
-128296	-99540	132.8608	282.392
-14650.667024	20368	723.8165314752	905.9136
-5632.667069	18105	770.7101312412	894.146
-8176	11582.667348	757.4848	860.2298702096
24894	35958	929.4488	986.9816
-38099	-15977	601.8852	716.9196
18576	-21327.999312	896.5952	689.0944035776
15504	-36822	880.6208	608.5256
-4036.666263	3633	779.0093354324	818.8916
23546.666078	-25901.333922	922.4426636056	665.3130636056
11973.333932	-1197.333932	862.2613364464	793.7738635536
-2020	-27270	789.496	658.196
74592	108864	1187.8784	1366.0928
-31378.001082	16770.999459	636.8343943736	887.2091971868
-58716	-145392	494.6768	43.9616
-19127.334069	20598.665931	700.5378628412	907.1130628412
0	-15532.666329	800	719.2301350892
-1801.667027	6846.332973	790.6313314596	835.6009314596
-31461.332408	21282.667592	636.4010714784	910.6698714784
18976.000593	-20755.000593	898.6752030836	692.0739969164
-22009.99929	41889.99858	685.548003692	1017.827992616
104060	9460	1341.112	849.192
64668	15216	1136.2736	879.1232
-25916	-15314	665.2368	720.3672
20138.665984	-5802.667008	904.7210631168	769.8261315584
73110	34118	1180.172	977.4136
-35667	-11889	614.5316	738.1772
-29641.333964	30272	645.8650633872	957.4144
26623.33442	-21190	938.441338984	689.812
16605.999639	-1083	886.3511981228	794.3684
21020	58856	909.304	1106.0512
-56910	-25745	504.068	666.126
-10837.665833	23342.665833	743.6441376684	921.3818623316
7207.332954	-13656	837.4781313608	728.9888
4314	12942	822.4328	867.2984
68985	94535	1158.722	1291.582
-4254	-44667	777.8792	567.7316
-1563.334115	18760	791.870662602	897.552
-2175.000435	22620.00087	788.689997738	917.624004524
-25137	2646	669.2876	813.7592
39052.001502	-1502.000751	1003.0704078104	792.1895960948
62829	28998	1126.7108	950.7896
21839.999454	-7097.999454	913.5679971608	763.0904028392
-9150	-25925	752.42	665.19
-61124	-48026	482.1552	550.2648
-15288	14013.999363	720.5024	872.8727966876
-21199.000731	23392.000731	689.7651961988	921.6384038012
-16130.999151	19527.000849	716.1188044148	901.5404044148
-67446	-67446	449.2808	449.2808
109668	37518	1370.2736	995.0936
15345	-5455.999659	879.794	771.6288017732
-21215.332369	35680.332369	689.6802716812	985.5377283188
16184.665931	-30898	884.1602628412	639.3304
67048	78608	1148.6496	1208.7616
-21983.332454	12310.666227	685.6866712392	864.0154643804
-43368	-24464	574.4864	672.7872
10616	-15039.332891	855.2032	721.7954689668
-27134.334269	19649	658.9014618012	902.1748
-18906.000822	41099.998356	701.6887957256	1013.7199914512
90993	55710	1273.1636	1089.692
60200	33712	1113.04	975.3024
-17367	17367	709.6916	890.3084
2990.665919	-8224.334081	815.5514627788	757.2334627788
80650	48390	1219.38	1051.628
-4739.999526	14693.999526	775.3520024648	876.4087975352
-36612	-48816	609.6176	546.1568
-37513	-96229	604.9324	299.6092
59179	146661	1107.7308	1562.6372
-2985	24874.999005	784.478	929.349994826
0	-28730	800	650.604
10560.000528	-25344	854.9120027456	668.2112
12366.666225	-2208.333775	864.30666437	788.51666437
47320	28392	1046.064	947.6384
2818.667019	-1409.332981	814.6570684988	792.6714684988
-24640.000704	7744.000704	671.8719963392	840.2688036608
-51065	-40852	534.462	587.5696
-117810	-34650	187.388	619.82
-104169	-82801	258.3212	369.4348
0	21006.66621	800	909.234664292
1669	-26704	808.6788	661.1392
-5334	-85344	772.2632	356.2112
3387	-12042.667043	817.6124	737.3781313764
-92194	-56506	320.5912	506.1688
-23009	5651.333737	680.3532	829.3869354324
28828.33451	-18238.332745	949.907339452	705.160669726
-1765	-102370	790.822	267.676
6110	12220	831.772	863.544
25479.999363	-11466	932.4959966876	740.3768
-80500	-9200	381.4	752.16
30674.001252	-625.999374	959.5048065104	796.7448032552
-38608	-44704	599.2384	567.5392
-34830	5160.000645	618.884	826.832003354
19978	-10464.666191	903.8856	745.5837358068
-22585.999509	17185.000491	682.5528025532	889.3620025532
3861.332368	-5792	820.0789283136	769.8816
61655	5605	1120.606	829.146
-25492.999038	18278.000481	667.4364050024	895.0456025012
26145	-30986.667635	935.954	638.869328298
49173	71766	1055.6996	1173.1832
-70983	-34177	430.8884	622.2796
-24089	-59296	674.7372	491.6608
-3106	-71438	783.8488	428.5224
-10341.332687	20036.332687	746.2250700276	904.1889299724
20492.665972	-7641.332986	906.5618630544	760.2650684728
116971	101522	1408.2492	1327.9144
126273	97926	1456.6196	1309.2152
69161	60237	1159.6372	1113.2324
-8636.332669	39195.665338	755.0910701212	1003.8174597576
-20066.666165	5016.666165	695.653335942	826.086664058
-26595.333982	5189.333982	661.7042632936	826.9845367064
-58496	-87744	495.8208	343.7312
21330	-23699.999052	910.916	676.7600049296
-50112	-84564	539.4176	360.2672
-35982.334802	3671.667401	612.8918590296	819.0926704852
9539.999046	-39114.000954	849.6079950392	596.6071950392
-21624.999135	12975	687.550004498	867.47
0	-45994.668544	800	560.8277235712
-804.665862	9656	795.8157375176	850.2112
-44374.665702	16399.334298	569.2517383496	885.2765383496
13673.33431	-5860	871.101338412	769.528
68448	108192	1155.9296	1362.5984
-15744.665951	15029	718.1277370548	878.1508
13248	28704	868.8896	949.2608
24416	4578	926.9632	823.8056
-116685	-152987	193.238	4.46759999999995
7818.667644	-27365.332356	840.6570717488	657.7002717488
1657.332919	-2486	808.6181311788	787.0728
18956.333987	-23532	898.5729367324	677.6336
62433	50541	1124.6516	1062.8132
10948	14076	856.9296	873.1952
100710	60426	1323.692	1114.2152
-52398	42694.667637	527.5304	1022.0122717124
103688	97706	1339.1776	1308.0712
-20070	-36795	695.636	608.666
-34071.000831	13295.999169	622.8307956788	869.1391956788
21766.665796	-18284	913.1866621392	704.9232
-29964	-42449	644.1872	579.2652
14630	-3483.332985	876.076	781.886668478
101112	101112	1325.7824	1325.7824
12376	-18858.667256	864.3552	701.9349302688
-10501.332677	24284.332677	745.3930700796	926.2785299204
45441	30294	1036.2932	957.5288
12123	-22899	863.0396	680.9252
22455.667643	-8787	916.7694717436	754.3076
23301.332648	-10280	921.1669297696	746.544
-28310	35859.334277	652.788	986.4685382404
86636	114202	1250.5072	1393.8504
-5200.00065	23400	772.95999662	921.68
25794	47289	934.1288	1045.9028
17640	-7447.999608	891.728	761.2704020384
-49058	-118772	544.8984	182.3856
2346	-29716.000782	812.1992	645.4767959336
-17773.334222	7998	707.5786620456	841.5896
-10324.999587	6195	746.3100021476	832.214
-59430	-77825	490.964	395.31
-6022.332473	10324	768.6838711404	853.6848
-95214	-63476	304.8872	469.9248
-50064	-58408	539.6672	496.2784
23485.000671	-13420.000671	922.1220034892	730.2159965108
84971	2741	1241.8492	814.2532
12929	62798	867.2308	1126.5496
16408.332677	-20346.332677	885.3233299204	694.1990700796
61932	52404	1122.0464	1072.5008
58695	10920	1105.214	856.784
-78736	-64232	390.5728	465.9936
-15223.999308	24912	720.8352035984	929.5424
0	-27005	800	659.574
57838	10516	1100.7576	854.6832
-14880	-18600	722.624	703.28
-98992	-60256	285.2416	486.6688
-52161.335132	36872.667566	528.7610573136	991.7378713432
-31776	-148288	634.7648	28.9023999999999
28576	76704	948.5952	1198.8608
-106200	-103250	247.76	263.1
-80190	-76626	383.012	401.5448
57304.001976	-26676	1097.9808102752	661.2848
24354.000594	-7721.999406	926.6408030888	759.8456030888
-13794.333809	20929.333809	728.2694641932	908.8325358068
7936.665873	-41270.668254	841.2706625396	585.3925250792
-35004	13612.667639	617.9792	870.7858717228
-40116.665062	22465.332531	591.3933416776	916.8197291612
-37830	13580.00097	603.284	870.616005044
-57888	-73968	498.9824	415.3664
57528	20304	1099.1456	905.5808
12560	-24701.332496	865.312	671.5530710208
-13140	-48180	731.672	549.464
-45866.664832	15594.667584	561.4933428736	881.0922714368
-14486.66702	8480	724.669331496	844.096
-16226	-32452	715.6248	631.2496
-58232	-34136	497.1936	622.4928
-57530	-19874	500.844	696.6552
5744.000718	-15795.999282	829.8688037336	717.8608037336
68436	70337	1155.8672	1165.7524
-43360	-97560	574.528	292.688
-17011.332438	15220.667562	711.5410713224	879.1474713224
92928	52272	1283.2256	1071.8144
35424	20664	984.2048	907.4528
22730	61371	918.196	1119.1292
-3563.334046	25656	781.4706629608	933.4112
19175.334116	-15653.332942	899.7117374032	718.6026687016
335.666331	-3021	801.7454649212	784.2908
113219	123751	1388.7388	1443.5052
97056	34374	1304.6912	978.7448
-18486.66706	14553.33294	703.869331288	875.677331288
3417.332479	-20504	817.7701288908	693.3792
154952	80243	1605.7504	1217.2636
-40438.998474	30519.999237	589.7172079352	958.7039960324
14237.000619	-18570	874.0324032188	703.436
26427.334412	-14562	937.4221389424	724.2776
46818	55488	1043.4536	1088.5376
-61446	-65208	480.4808	460.9184
-93764	-51144	312.4272	534.0512
21419.99937	-11969.99937	911.383996724	737.756003276
-16960	22048	711.808	914.6496
1467	71883	807.6284	1173.7916
-18256	-109536	705.0688	230.4128
28959.001182	-22458.000591	950.5868061464	683.2183969268
-81498	-43350	376.2104	574.58
29933.332585	-17960	955.653329442	706.608
-34192	38466	622.2016	1000.0232
28573.332619	-39288.334762	948.5813296188	595.7006592376
4141.666075	-33133.33215	821.53666359	627.70667282
23040	103680	919.808	1339.136
-33684	1604.000802	624.8432	808.3408041704
-9674.000691	7601.000691	749.6951964068	839.5252035932
-18413.999163	27621	704.2472043524	943.6292
65952	68700	1142.9504	1157.24
119927	39046	1423.6204	1003.0392
-80948	-17346	379.0704	709.8008
-123858	-147450	155.9384	33.26
-13635	-25755	729.098	666.074
-55971.331436	3794.665718	508.9490765328	819.7322617336
62424	86700	1124.6048	1250.84
65286	36270	1139.4872	988.604
-21681.334276	20738.665724	687.2570617648	907.8410617648
11431	9798	859.4412	850.9496
-46983.331454	24431.334273	555.6866764392	927.0429382196
-11469.332812	6256	740.3594693776	832.5312
-15533.332945	9320	719.226668686	848.464
40906.66824	-16520	1012.714674848	714.096
-51912	-23072	530.0576	680.0256
29811	-20397	955.0172	693.9356
-99440	-131080	282.912	118.384
-30785.000655	15720	639.917996594	881.744
109928	58890	1371.6256	1106.228
-33796.332058	4463.666029	624.2590732984	823.2110633508
-22335	16379	683.858	885.1708
-13185	40433.999121	731.438	1010.2567954292
-89895	-27660	332.546	656.168
-34055.332593	17027.667407	622.9122705164	888.5438705164
3385.332487	-31314.332487	817.6037289324	637.1654710676
-20850.665922	24574	691.5765372056	927.7848
22278.665871	-12730.665871	915.8490625292	733.8005374708
3822	-3822	819.8744	780.1256
167751	170694	1672.3052	1687.6088
89705	42406	1266.466	1020.5112
-10626	28926.334514	744.7448	950.4169394728
101035	67969	1325.382	1153.4388
-86420	-80460	350.616	381.608
-6372	1062.000531	766.8656	805.5224027612
-60165	-8022	487.142	758.2856
-31035.667327	4622.332673	638.6145298996	824.0361298996
51342	17910	1066.9784	893.132
-7674.667626	12471.332374	760.0917283448	864.8509283448
-36391.66799	34406.66799	610.763326452	978.914673548
578.999421	-28371.001158	803.0107969892	652.4707939784
-19356	-48390	699.3488	548.372
93432	104424	1285.8464	1343.0048
-47829.331712	810.665856	551.2874750976	804.2154624512
24813	-34922.000919	929.0276	618.4055952212
-15758.332825	5083.332825	718.05666931	826.43333069
-11584	18824	739.7632	897.8848
82740	35854	1230.248	986.4408
-13093.332515	9001.667485	731.914670922	846.808670922
35093.33408	-746.66592	982.485337216	796.117337216
-43506	13696.334139	573.7688	871.2209375228
-69394	-40820	439.1512	587.736
-42796	-82300	577.4608	372.04
-54454	-83114	516.8392	367.8072
-9891.666271	12265.666271	748.5633353908	863.7814646092
-24400	-31720	673.12	635.056
-13356	-49608	730.5488	542.0384
21032	110896	909.3664	1376.6592
-75284	-25520	408.5232	667.296
27624	21869	943.6448	913.7188
-100054	-100054	279.7192	279.7192
29509.334004	-14754.665996	953.4485368208	723.2757368208
-35516	-40980	615.3168	586.904
-26356	13577.334132	662.9488	870.6021374864
5701.667185	-29026.66563	829.648669362	649.061338724
-18503.334045	7828.334045	703.782662966	840.707337034
37050.000975	-1950.000975	992.66000507	789.85999493
-23625	-50625	677.15	536.75
-103376	-107352	262.4448	241.7696
-22742.666052	4302.666052	681.7381365296	822.3738634704
11377.332927	-23161	859.1621312204	679.5628
-32880.665902	37468.668196	629.0205373096	994.8370746192
10158	-1128.667231	852.8216	794.1309303988
79920	60384	1215.584	1113.9968
26449.999425	-32775	937.53999701	629.57
-33152	-50912	627.6096	535.2576
28673.334376	-17725.332812	949.1013387552	707.8282693776
63457	55180	1129.9764	1086.936
-25838.332635	14665	665.640670298	876.258
-89425	-40150	334.99	591.22
-28895.999328	7392.000672	649.7408034944	838.4384034944
113292	104900	1389.1184	1345.48
-28050	-145860	654.14	41.528
30834	46822	960.3368	1043.4744
-119944	-66352	176.2912	454.9696
-8970.00039	6239.99961	753.355997972	832.447997972
34430.668072	-25296	979.0394739744	668.4608
-38975	-51447	597.33	532.4756
-62713	-54621	473.8924	515.9708
28266.6656	-6933.3328	946.98666112	763.94666944
8432.000496	-7440	843.8464025792	761.312
43868.665713	-3814.665713	1028.1170617076	780.1637382924
0	-13618	800	729.1864
25620	-39283.999146	933.224	595.7232044408
-65892	-58140	457.3616	497.672
-44546.66838	5996.66581	568.357324424	831.182662212
-11274.999549	18039.999549	741.3700023452	893.8079976548
24303.999132	-19096.000434	926.3807954864	700.7007977432
-41266.665016	14030.667492	585.4133419168	872.9594709584
-66080	-52864	456.384	525.1072
-10624	5754.666224	744.7552	829.9242643648
-62176	-38592	476.6848	599.3216
-16644	-99864	713.4512	280.7072
-30836.001186	30243	639.6527938328	957.2636
92763	56220	1282.3676	1092.344
10648	-15528.333777	855.3696	719.2526643596
43299	-47543.998302	1025.1548	552.7712088296
20774	67210	908.0248	1149.492
0	-9334.000359	800	751.4631981332
83331	3546	1233.3212	818.4392
-16320	2538.666304	715.136	813.2010647808
73863	101880	1184.0876	1329.776
-92088	-109994	321.1424	228.0312
38658	38658	1001.0216	1001.0216
-88080	-96888	341.984	296.1824
39102	16464	1003.3304	885.6128
6822	11370	835.4744	859.124
-43770	25289.334306	572.396	931.5045383912
-13936	15678	727.5328	881.5256
27607.999188	-5683.999188	943.5615957776	770.4432042224
-153890	-109122	-0.227999999999952	232.5656
-56025	-4150	508.67	778.42
12501	22224	865.0052	915.5648
38183.33465	-9875	998.55334018	748.65
6663.332667	-19323.667333	834.6493298684	699.5169298684
20169.332613	-36016.665226	904.8805295876	612.7133408248
-25800	16626.66724	665.84	886.458669648
106361	133517	1353.0772	1494.2884
-24120	-104520	674.576	256.496
57600	30720	1099.52	959.744
-49305	-54495	543.614	516.626
7740.667122	-3642.667122	840.2514690344	781.0581309656
-70740	-51876	432.152	530.2448
-43882.667664	27925.332336	571.8101281472	945.2117281472
27508	20102	943.0416	904.5304
4461	-26766	823.1972	660.8168
16126.66706	-21240	883.858668712	689.552
19699.334091	-42429.331818	902.4365372732	579.3674745464
99415	62345	1316.958	1124.194
-128520	-136080	131.696	92.384
-85536	-7776	355.2128	759.5648
1891	-9455	809.8332	750.834
-11275	-59450	741.37	490.86
-69780	-4652	437.144	775.8096
2408	12040	812.5216	862.608
-26741.332752	13952	660.9450696896	872.5504
32727.667363	-11141.332637	970.1838702876	742.0650702876
15157.333807	-16104.666193	878.8181357964	716.2557357964
-74965	-56870	410.182	504.276
-34713	-8379	619.4924	756.4292
-123805	-85538	156.214	355.2024
-7370.999433	32319	761.6708029484	968.0588
1641.332923	-7796.332923	808.5349311996	759.4590688004
79008	21398	1210.8416	911.2696
-4020	-2010	779.096	789.548
81108	126168	1221.7616	1456.0736
534.332799	-13358.332799	802.7785305548	730.5366694452
30510	-564.999435	958.652	797.062002938
25128	-23732	930.6656	676.5936
58940	29470	1106.488	953.244
12906	-7170	867.1112	762.716
13652.999631	-21770.999262	870.9955980812	686.7908038376
-10642.667076	13508	744.6581312048	870.2416
5466.666325	-5808.333675	828.42666489	769.79666489
22829.332518	-19160.333741	918.7125290936	700.3662645468
-24908.33435	15758.332825	670.47666138	881.94333069
-68068	-62832	446.0464	473.2736
-54309	-56835	517.5932	504.458
-78489	-75411	391.8572	407.8628
0	33174	800	972.5048
0	-39088.334165	800	596.740662342
-3070	7163.333845	784.036	837.249335994
-52546	-8084	526.7608	757.9632
31896.667578	-25517.332422	965.8626714056	667.3098714056
-45080	-19159	565.584	700.3732
5477.334018	-19170.665982	828.4821368936	700.3125368936
-9066	10577	752.8568	855.0004
-72975	-112590	420.53	214.532
-18062.665716	25668	706.0741382768	933.4736
94080	104832	1289.216	1345.1264
49706.001714	-856.999143	1058.4712089128	795.5436044564
-8813	-41547	754.1724	583.9556
-98770	-139440	286.396	74.912
-47814	-12873	551.3672	733.0604
27261.667658	-18835.333829	941.7606718216	702.0562640892
-28693.665694	4377	650.7929383912	822.7604
-1609.334138	7242	791.6314624824	837.6584
-105258	-63552	252.6584	469.5296
-37715	-29775	603.882	645.17
6092	-4569	831.6784	776.2412
20632	98002	907.2864	1309.6104
-7315	8360	761.962	843.472
10384.999665	-12730.000335	854.001998258	733.803998258
20598.665931	-5885.334069	907.1130628412	769.3962628412
-38899.998444	3111.999222	597.7200080912	816.1823959544
-65453	-103822	459.6444	260.1256
43326	89059	1025.2952	1263.1068
13541.999634	-16835.999634	870.4183980968	712.4528019032
11680	20440	860.736	906.288
7728	-7728	840.1856	759.8144
-20496	2846.667236	693.4208	814.8026696272
159772	83948	1630.8144	1236.5296
-30349	4598.334253	642.1852	823.9113381156
-32567.667461	23035.667461	630.6481292028	919.7854707972
-69840	-55872	436.832	509.4656
81765	38157	1225.178	998.4164
-5096.666157	9683.666157	773.4973359836	850.3550640164
41240	20620	1014.448	907.224
-12450.667208	27608	735.2565305184	943.5616
18353.999601	-14364	895.4407979252	725.3072
82505	82505	1229.026	1229.026
-40001.998644	6779.999322	591.9896070512	835.2559964744
-53966	-31889	519.3768	634.1772
29549	88647	953.6548	1260.9644
118902	113240	1418.2904	1388.848
-7349.332874	14239.332874	761.7834690552	874.0445309448
23083.33241	-29546.66759	920.033328532	646.357328532
1386.66632	-20453.33264	807.210664864	693.642670272
-443.999556	6660	797.6912023088	834.632
5046.666162	-25738	826.2426640424	666.1624
8992	103408	846.7584	1337.7216
40404	4368	1010.1008	822.7136
23508	107092	922.2416	1356.8784
-19746.999363	30576	697.3156033124	958.9952
0	-23549.665907	800	677.5417372836
50995	27683	1065.174	943.9516
26258	45606	936.5416	1037.1512
-57694	-84322	499.9912	361.5256
-11980	19966.665868	737.704	903.8266625136
-83258	-76685	367.0584	401.238
31798	1223	965.3496	806.3596
2695.000539	-14014.000539	814.0140028028	727.1271971972
-9921.999549	25707	748.4056023452	933.6764
2994.667041	-4866.332959	815.5722686132	774.6950686132
-96311	-41648	299.1828	583.4304
8633.333765	-3021.666235	844.893335578	784.287335578
-49864	-10840	540.7072	743.632
-38595	-37350	599.306	605.78
-82096	-49844	373.1008	540.8112
110700	108650	1375.64	1364.98
6540	-32154.99891	834.008	632.794005668
4402	15407	822.8904	880.1164
9100	-32760	847.32	629.648
-48528	-24264	547.6544	673.8272
-17429.332928	21888	709.3674687744	913.8176
-50364	-165082	538.1072	-58.4263999999999
16206.66619	-4290	884.274664188	777.692
33005.000943	-30176.000943	971.6260049036	643.0847950964
-67413	-14655	449.4524	723.794
-110040	-137550	227.792	84.74
21736.000836	-19228.000836	913.0272043472	700.0143956528
38054.999115	-5310	997.885995398	772.388
-82641	-101712	370.2668	271.0976
-10926	21447.332524	743.1848	911.5261291248
71610	119350	1172.372	1420.62
0	30922.667856	800	960.7978728512
-2550.00051	23970.00051	786.739997348	924.644002652
-18065.332802	16471.332802	706.0602694296	885.6509305704
-29018	-81778	649.1064	374.7544
45520	15932	1036.704	882.8464
-14333.33276	22360	725.466669648	916.272
-32130	-41055	632.924	586.514
3581.667383	-37249.334766	818.6246703916	606.3034592168
12679.333821	-5364.333821	865.9325358692	772.1054641308
43187.998536	-32208.000732	1024.5775923872	632.5183961936
11711.999268	-7319.999268	860.9023961936	761.9360038064
26736	95247	939.0272	1295.2844
-29146	-76700	648.4408	401.16
-55550	-98475	511.14	287.93
-14168	12818.667004	726.3264	866.6570684208
-23726.332438	19249.666219	676.6230713224	900.0982643388
102510	52260	1333.052	1071.752
-11558.332871	22192	739.8966690708	915.3984
52687	66552	1073.9724	1146.0704
10159.667017	-15064.332983	852.8302684884	721.6654684884
24210	-39543.001614	925.892	594.3763916072
52258	0	1071.7416	800
-69823	-56199	436.9204	507.7652
49995	62216	1059.974	1123.5232
65536	104448	1140.7872	1343.1296
2864	91648	814.8928	1276.5696
17080	-29890	888.816	644.572
110019	90272	1372.0988	1269.4144
-27111	-52931	659.0228	524.7588
43775	38522	1027.63	1000.3144
-62120	-1553	476.976	791.9244
11387.332966	-10652.667034	859.2141314232	744.6061314232
16954	82348	888.1608	1228.2096
22544	-7045	917.2288	763.366
-114560	-5728	204.288	770.2144
-5556	-37040	771.1088	607.392
102648	75153	1333.7696	1190.7956
14931.667545	-50065	877.644671234	539.662
2379	-27755.000793	812.3708	655.6739958764
-8571.332674	21098.667326	755.4290700952	909.7130700952
-21686	-21686	687.2328	687.2328
-7490	-46010	761.052	560.748
-14913.334079	10439.334079	722.4506627892	854.2845372108
8520	17040	844.304	888.608
114036	114036	1392.9872	1392.9872
18927.999324	-3379.999662	898.4255964848	782.4240017576
-77622	-41094	396.3656	586.3112
27448.000584	-13432.000584	942.7296030368	730.1535969632
128535	126198	1468.382	1456.2296
9960	-34030.00083	851.792	623.043995684
-32376	30103.998864	631.6448	956.5407940928
136952	85272	1512.1504	1243.4144
-11340	31752	741.032	965.1104
-68283	-85986	444.9284	352.8728
-106596	-91368	245.7008	324.8864
-10092.333927	34432.667854	747.5198635796	979.0498728408
-20387.332564	15771.333718	693.9858706672	882.0109353336
-109298	-97482	231.6504	293.0936
30580	136220	959.016	1508.344
8849.999115	-40709.999115	846.019995398	588.308004602
-67248	-42964	450.3104	576.5872
-107030	-36974	243.444	607.7352
15413.33288	-8613.33288	880.149330976	755.210669024
-6144	-47104	768.0512	555.0592
-58650	-105570	495.02	251.036
-7073.000643	24434.000643	763.2203966564	927.0568033436
54873	107133	1085.3396	1357.0916
-58938	-83049	493.5224	368.1452
10864	-40740	856.4928	588.152
-88836	-61916	338.0528	478.0368
-48862	-62188	545.9176	476.6224
-29524.000671	18117	646.4751965108	894.2084
-1818.000909	10908	790.5463952732	856.7216
-83688	-30432	364.8224	641.7536
132243	57046	1487.6636	1096.6392
-14145	16031.000943	726.446	883.3612049036
19426.66604	-23186.66604	901.018663408	679.429336592
-73138	-101268	419.6824	273.4064
-1021	12252	794.6908	863.7104
-5674	29315.665721	770.4952	952.4414617492
42108	89958	1018.9616	1267.7816
3652	36520	818.9904	989.904
-21916.66579	14465	686.033337892	875.218
-66564	-88236	453.8672	341.1728
18607.332354	-2938	896.7581282408	784.7224
-17916	10948.666169	706.8368	856.9330640788
-130936	-148562	119.1328	27.4776000000001
-99960	-105315	280.208	252.362
-45084	0	565.5632	800
49058	33566	1055.1016	974.5432
16089.333699	-12798.333699	883.6645352348	733.4486647652
-114666	-98850	203.7368	285.98
22662	-26019.332494	917.8424	664.6994710312
21758	51428	913.1416	1067.4256
34804	34804	980.9808	980.9808
9155	-2441.332723	847.606	787.3050698404
13223	-10704.333963	868.7596	744.3374633924
985.332348	-16750.667652	805.1237282096	712.8965282096
-95300	-32402	304.44	631.5096
-2315	-25465	787.962	667.582
-46410	-117130	558.668	190.924
9586.667146	-18694	849.8506691592	702.7912
85068	87431	1242.3536	1254.6412
27217	-9606	941.5284	750.0488
-29400	12250	647.12	863.7
6679.999332	-39411.998664	834.7359965264	595.0576069472
-126208	-124032	143.7184	155.0336
-5329.99959	24189.99918	772.284002132	925.787995736
-28942.000998	10978.000998	649.5015948104	857.0856051896
-2366	-49686	787.6968	541.6328
784.665882	-40802.668236	804.0802625864	587.8261251728
-11530	29978	740.044	955.8856
4563.999348	-31296	823.7327966096	637.2608
37752	40040	996.3104	1008.208
64032	55200	1132.9664	1087.04
-66625	-82875	453.55	369.05
42624	-14997.332544	1021.6448	722.0138707712
-2694	17511	785.9912	891.0572
-7172	-51997	762.7056	529.6156
30533	-22498	958.7716	683.0104
-5092	-39463	773.5216	594.7924
23266.666085	-34318.33217	920.986663642	621.544672716
29630	-15802.665679	954.076	717.8261384692
-75999	-9306	404.8052	751.6088
26520	-38306.66814	937.904	600.805325672
21240	-4719.999528	910.448	775.4560024544
-140200	-123376	70.96	158.4448
-56124	-20267	508.1552	694.6116
-13110.000345	20354.99931	731.827998206	905.845996412
31977	-25194.000969	966.2804	668.9911949612
-12255.999234	765.999234	736.2688039832	803.9831960168
-11835	-68380	738.458	444.424
-57582	-57582	500.5736	500.5736
-42966	-66836	576.5768	452.4528
-14400	12000	725.12	862.4
-72840	-92264	421.232	320.2272
0	-30396	800	641.9408
-43113.33482	38653.33482	575.810658936	1000.997341064
-69390	-53199	439.172	523.3652
19865.999538	-22176	903.3031975976	684.6848
-103716	-28944	260.6768	649.4912
8022.666302	-1094	841.7178647704	794.3112
4311	-15807	822.4172	717.8036
38962	31878	1002.6024	965.7656
6680.667274	-28544.667274	834.7394698248	651.5677301752
-51254.668638	35484	533.4757230824	984.5168
33384.001284	-23753.999358	973.5968066768	676.4792033384
-25630	-5126	666.724	773.3448
-34740	-20844	619.352	691.6112
7483	-14609.667023	838.9116	724.0297314804
31231.667559	-29447	962.4046713068	646.8756
69375	163725	1160.75	1651.37
-7452	-9936	761.2496	748.3328
-43344	11237.334136	574.6112	858.4341375072
-9078	11095.332829	752.7944	857.6957307108
28779.334508	-26430	949.6525394416	662.564
-42941	-54143	576.7068	518.4564
-2472	5767.999176	787.1456	829.9935957152
-23310	27972	678.788	945.4544
-11831.666285	0	738.475335318	800
-19873.33243	4516.66757	696.658671364	823.486671364
43605	-9405.000855	1026.746	751.093995554
15138	48778	878.7176	1053.6456
30471	1451	958.4492	807.5452
63910	3652	1132.332	818.9904
34646	13247	980.1592	868.8844
-91208	-94716	325.7184	307.4768
1502	-15520.666166	807.8104	719.2925359368
2683	64392	813.9516	1134.8384
31158	61162	962.0216	1118.0424
12264	-6472.666326	863.7728	766.3421351048
20049.000489	-25428.000978	904.2548025428	667.7743949144
-18600	21700.00062	703.28	912.840003224
56110	83260	1091.772	1232.952
-19614.667084	12102.667084	698.0037311632	862.9338688368
8066.66586	0	841.946662472	800
42141	38310	1019.1332	999.212
27048	36064	940.6496	987.5328
80960	83490	1220.992	1234.148
11113.333889	-11669	857.7893362228	739.3212
23865.332481	-11080.332481	924.0997289012	742.3822710988
30128	-41605.334768	956.6656	583.6522592064
-20699.99955	20250	692.36000234	905.3
-38376.001476	15498	600.4447923248	880.5896
50928	8488	1064.8256	844.1376
-29562	-13644	646.2776	729.0512
17930	53790	893.236	1079.708
22464	-38376.000936	916.8128	600.4447951328
-65274	-49450	460.5752	542.86
-65274	-49450	460.5752	542.86

