0 14.375880 0.219452
1 -0.857160 3.061043
2 -32.703840 -31.306632
3 58.902840 68.454583
4 -57.120120 -53.271070
5 -14.024880 -16.578199
6 10.188000 12.979932
7 32.356440 34.563773
8 1.437840 -5.362588
9 -11.925360 1.420528
10 38.436840 36.630462
11 11.736720 -1.753524
12 0.000000 -1.526038
13 -93.376080 -98.935208
14 135.500040 78.606552
15 78.260040 77.701838
16 10.415880 -0.305850
17 -162.342000 -141.474599
18 -96.447960 -92.534959
19 -7.824960 3.978657
20 34.700040 16.333106
21 10.545840 11.423197
22 -58.509000 -58.845740
23 -27.987120 -5.681749
24 -109.526040 -83.044832
25 -2.626560 -9.540965
26 -34.316280 -31.054916
27 21.342240 48.204865
28 125.496000 82.083735
29 0.615600 9.997931
30 14.819040 4.522073
31 50.292000 60.206866
32 8.607960 1.494021
33 -42.894000 -34.243535
34 119.232000 86.259856
35 46.431000 21.816356
36 9.000000 6.039279
37 19.056960 11.800916
38 -5.389920 3.715688
39 -22.596120 -35.508416
40 1.571040 6.584257
41 -39.337920 -58.155781
42 -14.154120 3.441295
43 104.545080 100.289462
44 3.459960 -1.684592
45 -98.624160 -75.862389
46 -69.257880 -62.985923
47 94.626000 83.521777
48 -21.306960 -39.918028
49 -2.991960 -1.459411
50 12.970800 -0.421341
51 5.074920 13.138364
52 37.584000 28.677681
53 6.144120 -3.710867
54 -8.344080 14.634381
55 2.981520 -14.528699
56 19.858320 1.607405
57 -66.825000 -59.680928
58 -114.023160 -93.114504
59 -60.351840 -57.438542
60 5.277960 47.177398
61 -28.398240 -60.725033
62 -12.480120 -10.012891
63 -9.713160 23.356724
64 15.282720 6.498116
65 -124.895880 -90.615581
66 28.896120 12.268026
67 -16.056000 7.709210
68 10.469880 29.085051
69 75.960000 7.211176
70 14.157000 10.591142
71 17.854560 19.144841
72 -108.680040 -64.188994
73 -22.269960 -24.219109
74 135.911880 103.104292
75 -30.510360 -18.442343
76 -22.021920 -54.472810
77 3.762000 -8.623729
78 -13.419000 -3.808893
79 -101.319840 -56.663264
80 -4.389840 -8.227119
81 -27.053280 -20.067161
82 66.303000 61.210050
83 25.200000 31.812047
84 11.963520 17.398266
85 18.896040 3.424192
86 4.204080 -14.643274
87 6.527880 21.447027
88 -8.867880 -2.815462
89 -103.263840 -91.011421
90 -35.285760 -31.033443
91 27.702000 35.523914
92 -37.072080 8.342705
93 -52.629840 -56.842739
94 0.000000 -1.757846
95 6.419880 -2.918640
96 -7.859880 3.411057
97 0.000000 -4.067758
98 -19.060920 -16.045534
99 3.881880 -1.960574
100 45.695880 65.257554
101 6.240600 3.921498
102 -43.530120 -55.296925
103 51.743880 43.479259
104 -6.584040 8.320093
105 -87.552000 -35.881812
106 40.935960 58.576358
107 -135.172080 -94.091062
108 4.608000 -0.504589
109 -57.044160 -22.274417
110 -16.970040 -9.445587
111 13.835880 6.978282
112 17.980200 13.355318
113 22.983840 -3.113834
114 -15.069960 5.302099
115 9.378000 30.543702
116 -42.795000 -75.511713
117 -32.789160 -30.391693
118 38.572920 17.587777
119 10.019880 17.914996
120 69.635880 56.569072
121 -19.324800 -16.257836
122 -3.450600 16.386620
123 50.322960 18.726226
124 -7.134120 1.971714
125 16.872120 0.742375
126 29.574000 53.171732
127 1.349280 -8.863483
128 45.678960 43.284079
129 -3.523320 1.978176
130 -2.811960 2.670523
131 90.168120 92.883374
132 3.340080 -0.799147
133 55.411920 36.855890
134 28.105920 57.697764
135 -26.300160 -31.658539
136 -28.373400 -35.934456
137 -14.920920 -41.591766
138 -3.066120 6.409639
139 8.903880 6.233198
140 -58.560120 -35.117597
141 -17.286120 -3.834125
142 -16.038000 13.560071
143 142.728840 90.188552
144 -1.835280 8.842194
145 -13.845960 1.027631
146 22.406040 31.445757
147 3.224880 5.352397
148 -145.095840 -97.025966
149 12.719880 13.011548
150 95.266080 68.253699
151 11.382120 7.973604
152 -74.115000 -41.935993
153 -18.901440 -19.884423
154 -50.343840 -14.749006
155 0.000000 -23.208336
156 3.836880 -10.116173
157 -11.387160 -20.757015
158 25.001280 74.088245
159 -48.602880 -34.225705
160 -94.644000 -108.347978
161 11.067120 19.589075
162 -138.039120 -51.122382
163 22.856040 39.143003
164 -76.635000 -17.478283
165 20.295000 18.815523
166 12.436560 -0.916727
167 2.891880 -17.489227
168 18.020160 36.629409
169 8.533440 8.791768
170 69.768000 -12.773600
171 -31.975560 2.780105
172 164.728080 62.391024
173 -18.444960 7.953324
174 -17.772840 15.512617
175 -11.363040 10.644878
176 -37.173240 -9.296673
177 80.582040 24.959427
178 -48.543120 -27.755141
179 80.138160 71.354224
180 -25.570440 -30.082769
181 97.427880 36.788028
182 -59.675040 -46.358334
183 15.246000 -1.383632
184 47.124000 24.608882
185 4.909680 -6.635522
186 0.865800 9.303438
187 23.190480 0.384754
188 -85.536000 -109.741399
189 -47.814120 -10.714127
190 11.562840 49.223437
191 24.360120 2.579979
192 14.375880 69.349308
193 -99.405000 -109.431530
194 -14.364000 0.434796
195 -8.079840 -28.346296
196 3.249000 0.577741
197 -31.506120 -15.737506
198 18.500040 -14.720622
199 -17.875080 22.267851
200 -54.699840 -7.390492
201 0.000000 3.589418
202 20.729160 28.531591
203 -11.981880 12.824648
204 -114.055920 -66.507104
205 -25.545240 -80.465415
206 17.430120 12.201479
207 -2.802240 -14.013049
208 73.629000 -3.405822
209 -41.479920 -46.394556
210 38.540160 19.042496
211 -23.760000 -10.244767
212 9.550080 -3.368083
213 10.532520 2.042984
214 31.336560 15.083831
215 137.576160 95.760698
216 -1.013040 4.761125
217 0.000000 -23.534022
218 7.003440 7.798238
219 32.128920 3.625537
220 2.116080 -6.568335
221 -11.117880 -10.591020
222 30.381120 47.261385
223 -1.899000 -39.610916
224 0.000000 12.717345
225 60.536160 43.487689
226 131.712120 -5.979753
227 -115.004880 -23.128170
228 23.508000 -1.494803
229 -23.522040 -2.585986
230 53.105040 9.554653
231 20.999880 27.998896
232 -8.190000 -8.638754
233 -19.711080 -8.248974
234 94.325040 44.301398
235 11.829960 -25.594247
236 28.357920 41.853730
237 3.681360 -19.818352
238 51.239880 27.646475
239 -36.397080 -55.558889
240 -80.259120 -33.503483
241 66.787920 35.184734
242 18.367920 31.795213
243 5.418000 19.257115
244 2.043360 -2.470179
245 15.434640 40.174666
246 -61.408080 -55.713203
247 -23.349240 -56.240229
248 38.808000 32.492498
249 94.331880 17.444753
250 -29.733480 4.982246
251 -58.703040 -33.973534
252 -7.224120 2.933556
253 43.239960 56.939630
254 54.262080 5.370771
255 82.665000 32.159806
256 18.122040 30.138666
257 -25.489440 -76.779602
258 -111.579120 -52.572342
259 -130.636080 -24.211021
260 15.046560 20.347823
261 -73.680120 -61.194562
262 72.735840 63.119080
263 -38.598120 -11.118887
264 -123.703920 -78.709150
265 8.151840 1.195383
266 85.807080 35.528626
267 2.283840 57.941888
268 10.913760 5.761004
269 -22.734000 2.526837
270 8.520120 -80.509689
271 30.071880 29.421605
272 29.212200 69.277149
273 -22.121280 -6.533917
274 -9.555120 -34.466327
275 39.767760 41.940225
276 46.349280 15.502683
277 3.504960 -0.218674
278 -32.145120 -41.909399
279 8.466120 -12.258834
280 47.499840 36.149164
281 19.865160 27.486787
282 22.615920 -20.011382
283 11.552040 -29.639628
284 42.923880 -3.142578
285 -19.416600 5.297428
286 109.233000 14.208033
287 -8.424000 -21.403341
288 25.315200 52.181854
289 74.880000 -10.211310
290 18.537120 62.423932
291 -9.576000 -6.067648
292 7.331400 -19.198911
293 -54.299880 -85.215252
294 28.063080 52.334487
295 9.609840 63.171436
296 16.790760 -6.850349
297 29.893320 -14.947108
298 9.056520 -26.796642
299 18.705960 -14.307190
300 -1.055880 12.412394
301 80.359920 68.555151
302 6.818040 11.138262
303 -12.870000 -18.689397
304 16.914960 34.932418
305 6.275880 -20.443733
306 -53.647920 -66.831344
307 -21.751920 41.758281
308 -71.021160 -48.661131
309 18.575280 29.643140
310 -58.799880 -49.303471
311 -108.420120 -63.528559
312 43.049880 21.185233
313 8.456040 -3.787126
314 17.913960 15.860228
315 -31.602600 -26.413667
316 -63.168120 -20.083846
317 -8.619840 -20.473905
318 -15.626520 -5.031231
319 27.169920 54.667642
320 34.859880 1.020330
321 36.021960 -33.171576
322 10.112040 29.778190
323 -31.485960 -23.410900
324 18.560160 35.643318
325 -11.625120 -40.391301
326 35.952120 61.437082
327 10.127160 9.680071
328 -2.394000 7.442574
329 1.924920 -2.326271
330 1.685880 2.739178
331 -50.415840 -20.148555
332 -27.327960 -15.021955
333 8.064000 -5.684865
334 80.388000 65.255605
335 -33.390000 -31.416469
336 -14.884920 -6.161508
337 65.664000 29.600549
338 3.083400 -12.658094
339 97.599960 35.581872
340 -46.780560 -19.041510
341 1.491840 -41.786648
342 52.459920 22.242189
343 6.458760 13.059268
344 11.949840 -3.105229
345 -55.775880 -54.597965
346 -11.045160 -16.428328
347 7.652880 22.411167
348 26.359920 -23.822262
349 17.174880 8.195784
350 21.144600 -6.688389
351 -27.953280 -45.660221
352 -6.753240 -21.451563
353 71.391960 34.839459
354 -24.000120 -28.029582
355 106.704000 108.476538
356 4.204800 6.362381
357 22.733280 -10.984452
358 -4.809960 -9.236705
359 5.357160 -2.797474
360 12.277440 -12.321848
361 -27.120240 -19.563975
362 12.687840 19.526549
363 24.590160 -46.121566
364 -4.338720 -16.076179
365 18.758880 14.090120
366 119.199960 107.666304
367 -23.479200 -50.711154
368 2.815920 22.799866
369 57.494160 38.065335
370 -14.950080 14.399293
371 -67.677840 -37.077341
372 -1.022040 11.896781
373 3.512880 0.540812
374 29.455920 6.085855
375 -18.108360 -9.983959
376 -10.415880 33.929550
377 -5.346000 -18.728901
378 -48.780000 -38.357021
379 -29.436120 -30.464879
380 47.081880 39.064230
381 73.149840 80.472784
382 7.279920 17.635602
383 53.921880 34.762596
384 44.145000 40.053218
385 -25.883280 -10.501556
386 18.389160 -6.797603
387 -107.327880 -65.360599
388 13.291560 11.569806
389 -83.518920 -69.408894
390 46.440000 71.712579
391 -31.426560 -38.312918
392 6.300000 4.034468
393 -19.260000 -7.205180
394 -15.743880 -16.230090
395 -14.159880 -28.995729
396 51.549480 44.929670
397 -123.144840 -89.905523
398 24.100920 35.904433
399 20.652120 42.217616
400 -11.985840 -10.493732
401 9.744120 21.547161
402 2.149920 -10.535634
403 -9.780120 11.009196
404 -34.859880 -43.420808
405 45.326880 18.384966
406 -2.790000 4.822776
407 66.449880 3.553174
408 83.649960 57.431873
409 -2.713320 2.642780
410 66.515040 62.739160
411 -13.911840 8.726418
412 -21.743640 -29.038771
413 11.396160 3.548837
414 -83.376000 -37.613685
415 -90.900000 -35.339345
416 53.334000 1.492872
417 -45.884880 -27.519349
418 15.541920 0.362237
419 12.020040 26.387205
420 9.867960 -13.144874
421 10.204920 -0.135158
422 -98.388000 -85.693694
423 100.980000 65.569582
424 29.876040 45.592473
425 -2.461680 -1.059817
426 -7.707240 27.269474
427 -3.336120 14.978996
428 14.716080 -15.650240
429 -33.558120 -10.926455
430 7.007040 -2.759477
431 -137.031840 -110.077678
432 -37.638000 -1.682453
433 108.848880 31.543503
434 -49.521960 -70.371422
435 141.071040 107.323804
436 31.723920 9.124143
437 54.816120 44.769680
438 -28.937160 -11.463103
439 -111.969000 -95.357969
440 -18.772560 -21.684772
441 40.143960 39.722980
442 44.601840 54.664178
443 4.023000 -11.789118
444 28.231200 36.541921
445 -25.643160 -40.158561
446 12.308040 14.057761
447 -50.349960 -14.638704
448 -53.181000 28.309764
449 -36.269280 -70.853429
450 -13.553280 -3.926127
451 -36.042840 11.214265
452 20.261160 19.988660
453 30.602160 1.703415
454 55.267920 35.391853
455 56.472120 4.308765
456 21.976560 36.373739
457 -5.500080 25.612239
458 -1.410840 -12.751876
459 -6.080040 20.490634
460 41.055120 29.622942
461 -63.839880 -2.764020
462 14.289840 8.154439
463 -112.299840 -75.546715
464 17.491680 3.900819
465 -132.663960 -103.490530
466 13.129920 26.252119
467 -9.380160 8.050929
468 -1.476000 4.992339
469 14.880600 -2.883400
470 -20.919960 12.589214
471 -8.386560 9.359702
472 -78.189840 -73.317343
473 58.984920 15.759726
474 -25.605000 15.934690
475 -159.995160 -77.828183
476 -20.976840 5.212564
477 13.089960 39.569533
478 21.008160 25.567646
479 29.991600 12.472281
480 -152.946000 -130.143296
481 -21.120120 -6.833998
482 17.148600 12.647349
483 121.572000 85.008733
484 -93.600000 -107.062890
485 31.248000 44.889939
486 -5.454000 -5.650079
487 5.779800 -3.353474
488 -89.827920 -89.519700
489 -6.404040 2.632294
490 97.584120 -3.364347
491 5.439960 78.170466
492 -17.411400 -13.358781
493 -43.315920 -43.733909
494 -6.711840 28.235286
495 20.823840 -27.970388
496 3.935880 -7.524245
497 -20.253240 -17.899194
498 0.000000 -7.273005
499 -9.093240 -2.521045
500 -64.487880 -56.688170
501 -9.708840 -5.010046
502 44.543160 54.472471
503 -49.284000 -128.989864
504 35.458920 103.148390
505 -101.639880 -140.205668
506 -65.520000 37.103469
507 13.060080 11.483619
508 0.000000 -98.669460
509 45.380160 87.180019
510 21.520080 23.063252
511 128.828160 101.392989
512 -7.128000 -4.620153
513 42.618960 38.850130
514 -14.240160 -22.003611
515 28.617480 5.115304
516 -18.974880 17.585368
517 -15.509880 -2.803796
518 24.707880 -0.216156
519 -7.840080 -29.761057
520 -5.119920 18.707203
521 -37.807920 -43.323649
522 3.986640 -5.377777
523 -9.164160 8.161697
524 -41.684040 -39.449571
525 16.679880 19.864027
526 -23.555880 -14.826805
527 -16.044120 -2.426719
528 -42.783840 -20.145920
529 -4.471920 -15.839627
530 -34.631640 -7.972586
531 84.224160 42.429838
532 -13.776480 6.549005
533 17.520120 14.970100
534 120.580920 80.141566
535 -23.196240 -6.315620
536 40.239000 33.501263
537 10.618920 -8.742774
538 -23.881680 -20.986991
539 -24.408000 3.459919
540 74.463840 51.472786
541 -15.734880 -19.121121
542 4.744080 5.106907
543 -9.940680 7.511721
544 3.528000 3.622914
545 -31.884120 -35.009733
546 -73.856160 -93.453777
547 -40.424040 -39.374187
548 34.341840 58.614147
549 22.132080 35.316059
550 -31.129920 -32.175683
551 -5.609880 8.843290
552 20.599560 4.239634
553 -89.397000 -44.837846
554 28.458000 -29.466520
555 2.710080 34.863329
556 2.401920 8.591938
557 70.319880 45.384671
558 -31.807080 -45.758779
559 33.933960 37.081492
560 4.704120 -74.777191
561 -18.031320 -56.999702
562 35.262000 35.607154
563 -2.847960 8.184212
564 -14.554080 -5.716826
565 2.360160 -11.174307
566 138.979080 107.452078
567 -93.687120 -75.481719
568 -22.941360 -1.707590
569 -48.200040 -79.663832
570 -79.704000 -19.572094
571 20.573280 -96.077858
572 -17.610840 44.001558
573 -27.612000 -9.673102
574 81.270000 14.530198
575 6.305040 30.083207
576 66.290040 49.541827
577 -11.127960 1.987956
578 -37.235880 -47.949651
579 -86.019840 -135.586343
580 -30.216600 0.878980
581 39.687840 21.937128
582 -1.347840 0.891571
583 -6.648120 2.348677
584 -16.009920 -46.346977
585 93.774960 85.714456
586 22.849920 45.443407
587 131.528880 102.669383
588 -27.144720 -33.266448
589 12.945240 6.651351
590 -39.539160 -51.894610
591 24.480000 34.668015
592 -105.671880 -64.676263
593 25.839000 17.436716
594 105.654960 85.830455
595 62.781120 50.557231
596 -30.855240 -66.054077
597 22.641840 8.588646
598 0.916200 -15.469181
599 -2.167920 1.606162
600 30.771720 41.595215
601 -25.493040 -33.075065
602 4.419000 -14.618276
603 -81.219960 -111.750535
604 53.592120 34.943436
605 -3.434760 -8.448109
606 -13.525200 -4.333853
607 -2.641320 5.094960
608 68.896080 75.994653
609 135.450000 87.182635
610 -12.480120 -11.318979
611 -11.279880 -6.167550
612 -10.189800 14.508397
613 -5.018040 -4.627758
614 -19.483200 -2.829472
615 -9.843120 -0.855104
616 21.815280 23.427320
617 25.719840 5.030370
618 -111.512160 -111.284563
619 -85.578120 -24.860854
620 6.968880 71.262920
621 -21.096000 -50.274474
622 39.200040 25.010040
623 64.140120 -9.488723
624 -67.716000 -41.063522
625 -13.518000 13.056268
626 -15.428160 18.690854
627 12.912840 -3.453413
628 57.165120 1.883581
629 0.000000 8.365245
630 -30.524760 -40.667228
631 -65.504880 -76.377432
632 -11.256120 19.624463
633 22.241880 -6.556202
634 72.779040 38.939323
635 -62.528040 -18.692711
636 -16.958520 5.428045
637 -38.130840 -23.405117
638 12.858480 -42.586470
639 31.908600 38.766543
640 13.767840 30.275122
641 25.926480 82.949423
642 -19.983960 -76.077589
643 -17.604000 6.101455
644 54.243000 19.647751
645 -26.357400 1.138927
646 -109.704960 -2.339013
647 123.751080 76.952257
648 -22.583880 -47.712937
649 -106.027920 -64.765605
650 50.271120 9.340348
651 -13.470840 46.492913
652 -8.190000 -58.019415
653 14.544000 60.484372
654 61.776000 14.145754
655 2.019960 -9.055762
656 -167.735880 -40.558872
657 -48.600000 -41.191305
658 -52.785000 -37.728716
659 19.332000 20.123478
660 -80.031960 2.244991
661 -13.141800 -10.894166
662 -90.334080 18.696486
663 46.010880 11.294928
664 79.359840 27.264804
665 -53.196120 5.275809
666 2.554920 1.799242
667 -17.386560 -22.405709
668 19.341000 13.594316
669 21.744000 -48.615844
670 14.024880 21.260698
671 1.758240 13.858509
672 75.060000 51.318485
673 100.127880 62.839856
674 -13.888080 17.524064
675 0.672120 3.631755
676 -49.500000 42.310416
677 -80.426880 -43.549739
678 -24.255000 -23.185949
679 -30.736080 -47.879840
680 -0.369720 -10.318937
681 -3.906000 9.944569
682 -54.218880 -22.492775
683 10.854000 -73.787803
684 -167.146920 -106.312138
685 75.951000 71.265204
686 125.646120 72.237680
687 7.473240 -4.141546
688 84.192840 96.975712
689 -4.796640 2.062679
690 -35.690040 -54.083646
691 -169.418160 -129.282093
692 33.797880 54.330629
693 -35.137080 -30.376011
694 27.924840 -28.725532
695 54.209880 32.127475
696 -108.248040 -82.032755
697 60.023880 21.220237
698 -107.802000 -53.877203
699 6.082920 24.243848
700 -13.848120 6.393924
701 -19.026720 -6.429122
702 -9.659880 4.581349
703 95.312160 77.802349
704 3.706560 23.871078
705 -69.090120 -72.614307
706 -3.126600 -12.173462
707 9.615960 -7.287133
708 132.981120 77.537305
709 32.889960 26.130421
710 26.321400 46.062957
711 36.708120 -12.048946
712 -3.886560 -116.061070
713 14.433480 17.200955
714 -24.419880 -34.493824
715 -52.776000 -34.587390
716 122.928120 71.603658
717 39.557880 53.133570
718 -30.913920 -30.885504
719 60.837840 51.878100
720 -35.763120 -61.930523
721 -0.821880 2.608140
722 -44.766000 -32.921509
723 101.797920 62.051775
724 -91.922040 -85.825336
725 0.000000 4.314506
726 -79.274880 -71.031066
727 41.020920 26.205047
728 17.136000 -74.299065
729 127.550160 77.034691
730 26.021160 41.566127
731 -26.078040 -68.023342
732 -0.704520 0.028959
733 -7.046640 -10.779487
734 -31.853160 -51.094190
735 49.183920 -26.353594
736 -94.068000 -18.692408
737 81.434160 60.535044
738 -20.430720 -2.367397
739 6.104160 -28.181283
740 -11.297880 14.647395
741 44.160120 12.333301
742 -56.550960 -12.028390
743 -24.516000 -1.915706
744 -2.445480 -52.648860
745 -21.018600 -62.590201
746 36.280080 35.808184
747 6.266520 -3.122166
748 40.012560 63.626221
749 -17.127000 -1.884210
750 0.915840 11.542204
751 4.466160 2.544737
752 -89.865000 -107.258322
753 -14.780160 -3.376978
754 23.799960 -10.378450
755 -0.797400 -2.490919
756 -41.479920 -109.603567
757 76.131000 99.577139
758 0.000000 -33.629678
759 -4.128120 20.749144
760 -38.297880 -21.984072
761 -138.768120 -88.089799
762 -53.820000 -86.369909
763 -87.077880 51.033601
764 -0.743040 4.010949
765 92.664000 26.165804
766 11.708640 32.386747
767 5.243400 11.294342
768 91.676160 40.602642
769 70.652880 75.221400
770 -0.813960 -3.948417
771 -26.496000 -10.643465
772 5.559840 -7.561803
773 100.892880 95.003407
774 -5.049000 -27.429257
775 -43.512120 -13.714630
776 44.649000 47.937539
777 -18.993240 -14.597517
778 -78.432120 -72.956472
779 13.881960 -12.288000
780 6.084000 21.248949
781 7.369920 -17.254240
782 2.981160 7.930112
783 -5.515920 -110.514092
784 100.233000 107.270422
785 33.019920 61.289462
786 3.386520 -2.495756
787 -25.182720 -19.158340
788 79.036920 36.024963
789 -38.733480 -4.067720
790 -129.330000 -105.679818
791 -106.899120 -43.594654
792 0.000000 -11.352560
793 -36.006840 -42.381729
794 29.509920 16.260267
795 -23.839920 13.414176
796 127.604880 -34.065083
797 67.716000 21.533606
798 15.973920 -9.353432
799 -22.919040 -18.322244
800 55.022040 15.943597
801 24.288120 -8.493281
802 -29.025000 -14.219896
803 58.050000 28.521813
804 22.941000 48.750540
805 43.603920 10.517786
806 14.616720 -1.603246
807 -8.634960 10.311777
808 -87.513840 -60.554284
809 28.000080 10.595589
810 125.334000 110.192943
811 24.033240 -4.509362
812 -2.536200 13.549362
813 5.399280 2.098256
814 -89.660880 -59.222340
815 -24.684120 -28.243017
816 -46.983240 -57.342382
817 15.725160 31.995510
818 20.097000 -9.573836
819 68.064120 64.574706
820 -3.651840 -9.097279
821 -31.393440 -29.322851
822 0.000000 -15.498796
823 5.799960 -19.197148
824 -3.550680 13.061040
825 13.781160 9.416305
826 38.619000 45.084539
827 27.968040 12.462026
828 107.865000 73.072355
829 53.060040 32.851835
830 -13.797000 -6.359520
831 3.213000 10.696692
832 -33.654960 -36.504738
833 -53.262000 -57.320412
834 -22.439880 -11.800322
835 -8.030160 -7.146845
836 -2.781000 -1.293538
837 -0.705240 3.596338
838 27.047160 20.771770
839 22.560840 28.547731
840 -6.864120 -4.598203
841 -18.619200 -10.167033
842 -32.708160 -30.387401
843 -13.659840 -0.174901
844 11.877840 -3.261305
845 -127.500120 -104.825293
846 -36.897120 -19.703998
847 -20.340720 -3.505903
848 -44.352000 -21.056854
849 -15.145200 -43.317310
850 -17.658000 3.067062
851 4.363920 0.933583
852 -13.676040 6.865262
853 -4.601880 29.610297
854 19.153440 -23.139259
855 -131.328000 -74.584518
856 -28.159920 -37.751998
857 24.906600 51.936747
858 -68.288040 -44.641105
859 49.487040 29.619186
860 -14.915880 -2.835835
861 10.069560 6.489543
862 19.464120 -0.674602
863 -45.510120 -10.226115
864 -19.846800 -17.713289
865 -79.431120 -58.992436
866 3.138120 8.399810
867 12.606120 13.535671
868 -33.948000 -77.407238
869 0.000000 -5.542726
870 5.644080 18.004786
871 75.582000 72.442095
872 -9.605160 24.416351
873 147.448080 59.486373
874 -5.577120 8.409869
875 -20.469240 -22.514180
876 92.340000 62.798156
877 39.224880 23.649709
878 -19.430640 -24.269431
879 -30.272040 -33.072255
880 68.640120 61.582269
881 43.264080 58.914350
882 -23.229000 6.444806
883 -27.990000 -6.407601
884 11.573280 -2.054416
885 34.257960 35.706681
886 -1.189080 -2.921279
887 66.822120 43.850870
888 -90.478080 -94.471412
889 20.740320 56.632845
890 82.469880 10.582367
891 -81.225000 -51.860796
892 15.399000 1.555042
893 -20.415960 -47.090228
894 -3.733920 13.901783
895 0.996480 -5.239094
896 25.306560 49.708079
897 -110.037960 -131.350972
898 15.234840 4.988453
899 -30.285000 -19.762916
900 -4.128120 12.112581
901 32.826600 31.851978
902 61.664040 32.351288
903 34.607520 48.547530
904 -20.396880 -22.806603
905 15.402600 31.618703
906 10.613880 12.890584
907 -13.253400 9.321431
908 -150.714000 -121.888312
909 -19.760040 -20.081499
910 110.693880 73.691152
911 -97.920000 -34.707091
912 137.088000 59.989129
913 39.481920 34.897941
914 -62.717040 -14.883520
915 -46.368000 -30.560056
916 -32.850000 -3.842840
917 -40.685760 -41.111366
918 -49.352040 26.836203
919 -2.400120 -28.278439
920 -103.857120 -47.123610
921 -23.291280 -19.864917
922 44.823960 23.421290
923 10.089000 -17.693423
924 0.000000 14.020607
925 59.312880 24.804727
926 5.487840 10.678115
927 -77.375880 -86.654895
928 35.018640 39.850476
929 15.779880 18.261991
930 -7.738560 -11.050447
931 7.837200 -3.447373
932 73.008000 30.837004
933 -73.260000 -32.982058
934 -30.627000 -18.647023
935 46.530000 37.312128
936 -118.955880 -52.329080
937 33.235920 19.841219
938 -32.608440 -42.512603
939 -16.278120 -6.170545
940 86.320080 64.384855
941 -15.234840 -5.755452
942 9.129960 2.013989
943 -17.084880 -7.258794
944 110.538000 35.685165
945 2.484000 18.235238
946 -129.408840 -58.636336
947 55.616040 40.612924
948 -7.840080 5.996429
949 30.204360 29.065942
950 52.765560 61.633725
951 -25.916040 -54.890947
952 61.344000 37.680916
953 112.068000 35.735342
954 -10.968840 38.210356
955 -89.052120 -83.786813
956 -3.456000 -12.684561
957 0.000000 19.356594
958 -95.033880 4.087446
959 110.788920 55.196968
960 17.742600 0.632166
961 -13.052160 -6.816341
962 3.499920 -16.435514
963 3.756600 7.347505
964 8.700120 3.772366
965 38.685960 46.793224
966 -28.485000 -8.488470
967 -48.336120 -38.044859
968 -9.785160 41.491055
969 3.361680 -4.399566
970 75.656160 16.509762
971 -70.516080 -35.623629
972 -14.461920 15.448362
973 46.410120 -12.742003
974 -4.230000 33.249883
975 -25.350120 -24.794351
976 -99.540000 -62.491676
977 20.368080 28.586751
978 18.105120 40.425065
979 11.582640 2.596647
980 35.957880 42.867681
981 -15.977160 -33.357012
982 -21.327840 6.767537
983 -36.821880 -34.636022
984 3.633120 -1.061555
985 -25.901280 -4.568556
986 -1.197360 4.846007
987 -27.270000 -0.312065
988 108.864000 47.146621
989 16.770960 37.189101
990 -145.392120 -101.260442
991 20.598840 -2.424356
992 -15.532560 -14.488259
993 6.846480 -6.403002
994 21.282840 -7.792640
995 -20.755080 -43.810306
996 41.889960 48.820627
997 9.460080 10.003043
998 15.216120 1.296077
999 -15.314040 2.970711
1000 -5.802840 2.769129
1001 34.117920 35.667877
1002 -11.889000 32.611827
1003 30.272040 18.922256
1004 -21.189960 -41.495256
1005 -1.082880 15.011464
1006 58.856040 37.265006
1007 -25.745040 5.016554
1008 23.342760 -17.663373
1009 -13.655880 -39.721442
1010 12.942000 4.490427
1011 94.534920 80.743724
1012 -44.667000 -31.245009
1013 18.759960 -16.294850
1014 22.619880 22.072631
1015 2.646000 18.713498
1016 -1.501920 19.242161
1017 28.998000 -34.345442
1018 -7.098120 16.882409
1019 -25.925040 -32.385645
1020 -48.026160 -50.960337
1021 14.014080 -8.638831
1022 23.392080 55.448971
1023 19.527120 -5.469964
1024 -67.446000 -29.861055
1025 37.518120 22.374627
1026 -5.456160 41.730173
1027 35.680320 15.130573
1028 -30.898080 9.561226
1029 78.608160 55.355118
1030 12.310560 15.164798
1031 -24.464160 0.170649
1032 -15.039360 -37.347770
1033 19.649160 3.981340
1034 41.100120 37.411693
1035 55.710000 22.109080
1036 33.711840 25.818746
1037 17.367120 50.431477
1038 -8.224200 -4.513329
1039 48.390120 20.586530
1040 14.694120 32.255114
1041 -48.816000 -19.862796
1042 -96.229080 -108.087477
1043 146.661120 132.168242
1044 24.874920 1.713199
1045 -28.730160 -2.937662
1046 -25.344000 -60.768057
1047 -2.208240 6.916918
1048 28.392120 66.398527
1049 -1.409400 3.900271
1050 7.743960 0.099519
1051 -40.852080 -27.132359
1052 -34.650000 -45.444626
1053 -82.801080 -90.351070
1054 21.006720 8.330028
1055 -26.704080 -26.770336
1056 -85.344120 -78.274808
1057 -12.042720 -35.319680
1058 -56.505960 -37.156586
1059 5.651280 23.935736
1060 -18.238320 -36.738414
1061 -102.369960 -51.158631
1062 12.219840 28.141666
1063 -11.466000 -31.570024
1064 -9.200160 56.709248
1065 -0.626040 -58.940725
1066 -44.704080 -28.095643
1067 5.159880 18.138683
1068 -10.464840 -10.717306
1069 17.184960 25.323525
1070 -5.792040 -4.650775
1071 5.604840 -7.828150
1072 18.277920 23.517565
1073 -30.986640 -43.986394
1074 71.766000 36.077805
1075 -34.176960 -30.405939
1076 -59.295960 -13.180470
1077 -71.438040 -25.398416
1078 20.036160 -7.353066
1079 -7.641360 -27.683572
1080 101.522160 45.543614
1081 97.926120 58.927774
1082 60.237000 24.693053
1083 39.195720 15.478518
1084 5.016600 -3.456718
1085 5.189400 26.868733
1086 -87.743880 -58.399062
1087 -23.699880 -7.936691
1088 -84.564000 -90.751418
1089 3.671640 -11.033902
1090 -39.114000 -29.352718
1091 12.975120 -19.293708
1092 -45.994680 -58.311919
1093 9.655920 17.099666
1094 16.399440 -51.978756
1095 -5.860080 5.096990
1096 108.191880 74.251898
1097 15.028920 4.640450
1098 28.703880 21.523968
1099 4.578120 -7.256989
1100 -152.987040 -111.518663
1101 -27.365400 -0.081435
1102 -2.486160 -4.360675
1103 -23.532120 -14.723342
1104 50.541120 40.562927
1105 14.076000 4.711664
1106 60.426000 -1.129745
1107 42.694560 37.210970
1108 97.706160 54.006409
1109 -36.794880 -22.926896
1110 13.295880 2.846343
1111 -18.284040 30.970692
1112 -42.449040 -66.043625
1113 -3.483360 12.229581
1114 101.112120 40.356897
1115 -18.858600 -9.006085
1116 24.284160 26.114013
1117 30.294000 18.211209
1118 -22.898880 -24.444017
1119 -8.786880 4.453284
1120 -10.280160 49.311451
1121 35.859240 68.896295
1122 114.202080 83.908961
1123 23.400000 46.231975
1124 47.288880 34.658329
1125 -7.448040 -6.328343
1126 -118.771920 -74.194927
1127 -29.715840 -69.148810
1128 7.998120 1.783810
1129 6.194880 -0.069043
1130 -77.825160 -84.568009
1131 10.324080 5.834519
1132 -63.475920 -27.481925
1133 -58.407840 -51.665221
1134 -13.420080 0.494215
1135 2.741040 -11.332621
1136 62.798040 47.500092
1137 -20.346480 -24.772969
1138 52.404120 44.645555
1139 10.919880 12.051096
1140 -64.231920 -54.339598
1141 24.912000 21.759074
1142 -27.005040 -15.596036
1143 10.515960 -21.088742
1144 -18.600120 -26.789150
1145 -60.256080 -29.712781
1146 36.872640 65.315666
1147 -148.287960 -113.232835
1148 76.704120 92.083776
1149 -103.250160 -88.688870
1150 -76.626000 -6.430952
1151 -26.676000 -41.714492
1152 -7.722000 6.954760
1153 20.929320 33.611129
1154 -41.270760 -34.575980
1155 13.612680 24.344886
1156 22.465440 5.074799
1157 13.579920 28.227463
1158 -73.968120 -37.950889
1159 20.304000 9.557855
1160 -24.701400 0.019160
1161 -48.179880 -46.134763
1162 15.594840 19.036956
1163 8.480160 26.103106
1164 -32.451840 -16.383751
1165 -34.135920 -9.083206
1166 -19.874160 -10.747622
1167 -15.796080 20.441268
1168 70.337160 7.644121
1169 -97.560000 -63.685816
1170 15.220800 11.086861
1171 52.272000 -18.229485
1172 20.664000 29.772776
1173 61.371000 32.130010
1174 25.656120 7.436241
1175 -15.653160 -34.244118
1176 -3.021120 23.659662
1177 123.751080 28.390376
1178 34.373880 43.573749
1179 14.553360 15.201437
1180 -20.504160 -4.042036
1181 80.242920 20.162098
1182 30.520080 51.744514
1183 -18.569880 -16.681707
1184 -14.562000 -0.911665
1185 55.487880 77.317543
1186 -65.207880 -49.754597
1187 -51.144120 -52.743979
1188 -11.970000 -4.485423
1189 22.047840 50.178766
1190 71.883000 -2.952684
1191 -109.536120 -39.504822
1192 -22.457880 -46.526151
1193 -43.350120 -31.862079
1194 -17.960040 -8.313611
1195 38.466000 57.387108
1196 -39.288240 -40.687610
1197 -33.133320 -40.331435
1198 103.680000 94.784249
1199 1.604160 -8.990128
1200 7.601040 25.468084
1201 27.621000 28.424574
1202 68.699880 33.776754
1203 39.045960 38.441452
1204 -17.345880 -11.127623
1205 -147.449880 -91.264589
1206 -25.755120 -32.562533
1207 3.794760 11.624858
1208 86.699880 36.946436
1209 36.270000 11.185944
1210 20.738520 20.026526
1211 9.798120 16.946013
1212 24.431400 27.151695
1213 6.256080 -36.438440
1214 9.320040 52.954003
1215 -16.520040 -34.907258
1216 -23.072040 26.314551
1217 -20.396880 -16.951284
1218 -131.079960 -114.989884
1219 15.720120 22.551329
1220 58.889880 -8.482379
1221 4.463640 14.027077
1222 16.378920 27.455458
1223 40.434120 37.539309
1224 -27.659880 27.267607
1225 17.027640 5.587454
1226 -31.314240 -51.618646
1227 24.573960 42.654289
1228 -12.730680 -21.527653
1229 -3.822120 7.411702
1230 170.694000 120.312840
1231 42.405840 20.435223
1232 28.926360 36.429794
1233 67.969080 53.914801
1234 -80.460000 -63.925343
1235 1.062000 2.227316
1236 -8.021880 20.502150
1237 4.622400 -0.702280
1238 17.910000 27.350797
1239 12.471480 1.142845
1240 34.406640 26.767195
1241 -28.370880 -39.011710
1242 -48.390120 -52.274385
1243 104.424120 80.048291
1244 0.810720 0.939888
1245 -34.922160 -42.402355
1246 5.083200 -16.813075
1247 18.824040 28.830305
1248 35.853840 35.765814
1249 9.001800 -5.292978
1250 -0.746640 -1.335691
1251 13.696200 -4.400637
1252 -40.820040 -50.812714
1253 -82.299960 -78.977495
1254 -83.113920 -67.305843
1255 12.265560 11.504902
1256 -31.719960 -9.555733
1257 -49.608000 -38.688631
1258 110.895840 93.517179
1259 -25.520040 -3.862379
1260 21.868920 10.158957
1261 -100.054080 -67.623381
1262 -14.754600 3.314231
1263 -40.979880 -44.554396
1264 13.577400 2.386619
1265 -29.026800 -20.338799
1266 7.828200 -0.820176
1267 -1.950120 -7.780602
1268 -50.625000 -33.981064
1269 -107.352000 -92.249866
1270 4.302720 -30.395032
1271 -23.160960 -11.333044
1272 37.468800 30.413856
1273 -1.128600 2.878605
1274 60.383880 48.901830
1275 -32.775120 -42.412297
1276 -50.911920 -45.865673
1277 -17.725320 -27.641390
1278 55.180080 38.953340
1279 14.664960 -2.169532
1280 -40.150080 -22.101916
1281 7.391880 15.331950
1282 104.900040 48.121812
1283 -145.860120 -146.290947
1284 46.821960 39.869542
1285 -66.351960 -63.119132
1286 6.239880 -22.398093
1287 -25.296120 -24.923463
1288 -51.446880 -58.951816
1289 -54.621000 2.431583
1290 -6.933240 -5.265936
1291 -7.440120 -19.517747
1292 -3.814560 15.870059
1293 -13.618080 -14.615868
1294 -39.283920 -25.445761
1295 -58.140000 -59.770129
1296 5.996520 47.531373
1297 18.039960 5.157997
1298 -19.095840 11.877729
1299 14.030640 -8.510894
1300 -52.863840 -31.185402
1301 5.754600 -16.287137
1302 -38.592000 -14.569492
1303 -99.864000 -83.605447
1304 30.242880 34.921431
1305 56.220120 2.352311
1306 -15.528240 1.579014
1307 -47.544120 -30.061411
1308 67.209840 61.712159
1309 -9.334080 6.013152
1310 3.546000 -25.725550
1311 2.538720 23.305319
1312 101.880000 73.539625
1313 -109.994040 -56.896728
1314 38.657880 30.118115
1315 -96.887880 -49.403437
1316 16.463880 13.501871
1317 11.369880 -23.001408
1318 25.289280 24.945922
1319 15.678000 1.411005
1320 -5.684040 -8.432089
1321 -109.122120 -43.346477
1322 -4.150080 22.436268
1323 22.223880 28.733538
1324 -9.875160 -4.141185
1325 -19.323720 8.271161
1326 -36.016560 -25.808194
1327 16.626600 -11.166870
1328 133.517160 94.498906
1329 -104.519880 -101.677334
1330 30.719880 61.370578
1331 -54.495000 -39.040492
1332 -3.642840 4.075079
1333 -51.876000 -0.137706
1334 27.925200 17.040450
1335 20.102040 17.327577
1336 -26.766000 -36.946924
1337 -21.240000 -21.188934
1338 -42.429240 -23.512461
1339 62.345160 62.996949
1340 -136.080000 -118.669132
1341 -7.776000 32.707193
1342 -9.455040 -5.241155
1343 -59.450040 -20.916408
1344 -4.651920 46.982070
1345 12.039840 3.364467
1346 13.952160 21.383127
1347 -11.141280 -21.115870
1348 -16.104600 -30.647129
1349 -56.869920 -43.707990
1350 -8.379000 19.694632
1351 -85.538160 -50.016687
1352 32.319000 15.177842
1353 -7.796160 13.812710
1354 21.398040 9.016401
1355 -2.009880 7.828274
1356 126.168120 55.722067
1357 -13.358160 4.836399
1358 -0.564840 -17.964876
1359 -23.731920 -29.564221
1360 29.469960 27.202570
1361 -7.170120 15.056752
1362 -21.771000 -35.366213
1363 13.507920 -2.215188
1364 -5.808240 3.974421
1365 -19.160280 -2.743076
1366 15.758280 32.958957
1367 -62.831880 -52.390592
1368 -56.835000 4.496122
1369 -75.411000 12.193744
1370 33.174000 19.275332
1371 -39.088440 -24.145730
1372 7.163280 2.709459
1373 -8.084160 -35.128834
1374 -25.517160 4.910963
1375 -19.158840 -46.066464
1376 -19.170720 7.559867
1377 10.577160 -7.194756
1378 -112.590000 -65.790159
1379 25.668000 2.911890
1380 104.832000 41.899716
1381 -0.857160 -11.426570
1382 -41.546880 -26.671193
1383 -139.439880 -47.288460
1384 -12.872880 -2.817528
1385 -18.835200 -34.228156
1386 4.376880 3.402295
1387 7.242120 11.219187
1388 -63.551880 -86.759773
1389 -29.774880 -48.361699
1390 -4.569120 -7.258261
1391 98.002080 59.076589
1392 8.359920 2.664291
1393 -12.729960 -21.484587
1394 -5.885280 5.925622
1395 3.111840 7.934754
1396 -103.821840 -87.962889
1397 89.058960 75.895176
1398 -16.836120 -13.682064
1399 20.440080 10.427544
