1 104.131800 82.293088
3 81.903780 94.132306
5 72.816480 79.142572
7 71.928180 96.957179
9 71.879580 75.204518
11 73.835280 79.687693
13 71.943120 77.851514
15 78.964560 76.444502
17 69.818220 78.771291
19 80.956620 80.040860
21 80.976240 76.245568
23 104.024700 80.976228
25 73.798560 77.316179
27 84.949920 86.047672
29 86.995800 85.488412
31 85.997160 85.962434
33 77.970420 81.031608
35 76.840740 81.300473
37 73.962180 79.421933
39 74.914920 79.276124
41 77.984640 83.347043
43 74.977020 89.404896
45 78.872580 85.020567
47 73.813680 85.618546
49 72.792000 83.097724
51 72.813780 82.587005
53 74.951640 79.628882
55 73.998360 98.920784
57 75.996000 82.076779
59 104.118660 79.460453
61 65.768760 94.045752
63 93.022560 78.951490
65 70.831440 77.714992
67 103.046220 80.379721
69 67.801320 78.823567
71 82.992240 82.474255
73 69.729660 81.375826
75 75.994380 80.271984
77 78.883380 78.815475
79 84.958920 84.019765
81 74.831940 78.779165
83 82.949220 80.600085
85 69.985440 79.233155
87 74.961540 77.656906
89 86.965740 78.545736
91 85.976820 96.099836
93 67.824000 84.839997
95 71.844120 77.822928
97 76.975920 80.944280
99 86.992020 84.992985
101 91.000080 88.867625
103 86.975280 83.343484
105 99.018720 83.768879
107 69.737220 80.140701
109 75.846420 79.463163
111 80.902260 84.002735
113 72.951480 82.455482
115 79.984440 84.219860
117 97.028820 80.458591
119 84.977460 86.781704
121 81.927720 90.114121
123 92.016540 93.221241
125 82.922400 83.647169
127 74.827080 91.359638
129 76.867020 86.891816
131 84.992400 87.825485
133 76.870080 87.463698
135 74.890620 94.271281
137 88.996500 85.793975
139 77.919840 81.307074
141 82.964520 88.415885
143 75.955140 85.645556
145 76.981680 81.008191
147 94.037220 86.385734
149 77.852160 89.296793
151 81.988380 91.564363
153 81.995220 83.879020
155 69.719220 92.124136
157 91.000620 89.331643
159 74.915280 81.954149
161 96.045840 78.891785
163 91.002960 85.955168
165 82.996560 88.721870
167 84.969000 83.595970
169 77.926860 93.738617
171 72.873000 87.800329
173 75.877560 68.613904
175 99.016380 94.755969
177 92.014740 96.014874
179 107.060760 102.192206
181 66.747240 77.226219
183 84.985380 94.193840
185 82.961820 89.563863
187 52.723260 69.498237
189 110.222640 77.522510
191 53.829180 88.620791
193 51.656220 80.447739
195 52.638300 74.572451
197 108.064080 89.300544
199 57.898440 91.099450
201 79.961940 73.461951
203 72.986760 58.762697
205 50.448780 59.692833
207 50.902560 71.604937
209 54.782280 66.428659
211 119.301480 93.284830
213 59.610600 73.475682
215 99.080820 70.885194
217 74.967120 65.831232
219 52.333920 69.863615
221 111.151080 75.967499
223 55.984860 73.932869
225 81.917820 78.201295
227 81.989280 69.386797
229 55.705500 63.186632
231 67.698180 63.051664
233 70.792200 73.342162
235 53.667720 65.336512
237 55.663020 80.702677
239 57.535560 75.461092
241 115.059060 95.807755
243 55.869840 97.515106
245 53.565480 64.201872
247 55.775880 72.575844
249 110.266920 95.537251
251 114.031800 96.602604
253 60.587100 73.487024
255 60.875100 68.623197
257 62.971560 72.061239
259 112.064580 89.232311
261 53.720640 69.577185
263 58.801500 65.697092
265 109.161720 76.104720
267 91.009980 65.945813
269 51.416100 63.010712
271 97.034220 69.957075
273 127.215000 78.541123
275 67.790340 66.442136
277 64.685340 63.500454
279 56.548080 82.026931
281 84.999060 91.738483
283 79.996140 67.840643
285 118.368000 66.386701
287 84.957840 68.887733
289 53.782560 90.559758
291 53.614260 93.973171
293 58.845960 65.059291
295 53.799120 88.541885
297 56.609460 63.555372
299 55.799280 64.862145
301 57.605580 72.121528
303 88.993440 87.823206
305 93.027240 87.873602
307 91.008180 92.764934
309 93.013020 90.404291
311 85.987440 85.839956
313 77.882760 88.573028
315 97.072920 82.642430
317 105.089580 101.206136
319 88.995960 92.823955
321 93.021840 84.968262
323 81.982980 91.514069
325 81.907740 88.068737
327 75.852000 89.898620
329 87.985980 85.024885
331 91.011240 81.525937
333 100.070280 89.937109
335 78.967620 88.126115
337 97.044120 82.595902
339 91.005300 91.713247
341 86.968980 87.664683
343 86.996340 86.508691
345 98.007840 90.955950
347 85.982940 94.264427
349 96.011280 95.274665
351 99.049320 88.562551
353 91.000080 84.725080
355 86.983380 89.379833
357 100.089540 86.867073
359 81.913320 86.435176
361 95.049000 84.341469
363 88.996680 89.521520
365 98.019000 83.842705
367 87.997320 82.821279
369 104.158080 88.211977
371 100.016640 90.728766
373 83.942820 86.727354
375 83.933820 83.334311
377 84.993120 93.159886
379 98.040060 92.644123
381 76.867920 87.579343
383 81.948240 88.527050
385 93.020760 88.734334
387 100.069560 91.296523
389 76.874040 83.968405
391 103.052520 86.927049
393 83.932920 83.699985
395 98.008380 91.445072
397 94.042620 85.764862
399 99.104040 90.284473
401 88.995780 86.026446
403 94.035060 78.943952
405 78.923520 88.267559
407 82.924920 86.912778
409 92.019780 92.166155
411 84.987540 91.888796
413 88.993620 85.442732
415 85.993560 89.290539
417 80.938620 94.977517
419 87.984540 88.987634
421 81.974160 89.146999
423 88.999560 86.051921
425 91.006560 90.434044
427 80.957340 91.910001
429 88.991640 91.303404
431 87.987420 90.183492
433 96.020640 85.592691
435 91.009260 86.641307
437 95.036220 82.089976
439 99.032220 92.399421
441 86.994900 94.540543
443 83.992500 87.455938
445 96.024600 88.249215
447 96.013620 88.484733
449 85.992660 87.195334
451 96.062580 92.347362
453 72.850320 86.945686
455 83.959920 84.422317
457 100.034820 86.060256
459 93.016260 77.971847
461 81.924300 84.164454
463 27.545220 35.014366
465 27.037440 37.751639
467 30.685860 31.994306
469 26.433720 52.791391
471 26.433720 31.394514
473 23.592600 47.143222
475 22.807440 19.270566
477 25.893360 63.067154
479 26.528400 21.297097
481 48.963060 44.026606
483 46.425060 50.782149
485 46.787220 48.085390
487 43.128360 46.834345
489 45.612540 55.912316
491 75.956580 51.979641
493 44.500140 48.925861
495 43.189740 53.990074
497 42.286320 49.808617
499 49.656060 43.702397
501 44.189100 55.661714
503 42.162120 49.638719
505 42.753240 83.643281
507 44.284680 85.693263
509 75.953340 53.542935
511 47.762820 45.471642
513 51.881040 53.077116
515 45.313200 51.224381
517 45.990000 58.188799
519 45.995760 50.806502
521 45.689220 58.440301
523 47.566440 51.384457
525 47.514960 56.491940
527 47.804760 52.038035
529 45.579420 56.363613
531 45.779760 53.056592
533 47.738160 60.365618
535 47.935980 52.127519
537 45.640440 50.510572
539 46.931400 50.397057
541 46.196640 51.788101
543 46.321560 51.645552
545 46.827180 53.727438
547 131.564340 55.380223
549 45.301320 55.197888
551 46.762920 55.642086
553 45.610920 53.292319
555 56.691900 49.350839
557 45.680580 58.050260
559 46.246500 51.361007
561 71.957340 55.857510
563 46.894500 53.861976
565 46.340460 51.506855
567 44.168400 52.250424
569 47.794500 51.322588
571 46.903140 70.543435
573 47.819340 85.257646
575 52.641540 53.851536
577 46.759500 49.503830
579 51.938460 55.336863
581 46.934100 59.974338
583 45.160740 54.584026
585 132.254100 55.119989
587 44.421660 51.643986
589 45.260640 47.804288
591 46.311840 52.290509
593 128.563560 59.373127
595 126.309060 113.098060
597 127.296360 130.440875
599 126.630360 130.700439
601 125.268480 122.701330
603 130.252860 127.953896
605 125.044740 118.392752
607 126.603000 125.740558
609 124.447500 121.728774
611 119.142540 119.503025
613 128.708460 132.658650
615 127.035000 133.870792
617 126.061560 126.629511
619 114.047280 110.005339
621 120.336300 92.523262
623 118.417500 107.831565
625 115.162920 107.497772
627 70.751700 81.705829
629 75.938760 102.333555
631 118.358820 85.850182
633 97.084080 90.931340
635 111.265020 107.227767
637 115.038360 106.091069
639 86.974920 105.895292
641 103.063140 95.691030
643 104.034780 106.765244
645 98.042580 94.482485
647 119.390400 89.600611
649 73.808280 109.002426
651 69.791580 102.899691
653 102.085380 112.566507
655 118.433340 110.001626
657 124.298820 110.411601
659 109.186200 103.047490
661 100.073700 108.772025
663 125.422920 113.785865
665 120.494160 101.289325
667 122.145120 107.951615
669 107.225820 92.472179
671 120.420000 91.891936
673 120.035340 97.959771
675 67.979160 77.359556
677 119.421900 90.449327
679 126.614520 106.762003
681 73.915560 87.901213
683 115.314840 89.469738
685 88.997580 85.280835
687 133.387740 128.197784
689 133.064460 123.509628
691 135.605520 135.426514
693 133.212240 126.686308
695 136.784700 132.916497
697 139.032180 139.207728
699 136.398960 131.901893
701 137.058120 133.758703
703 95.013000 93.901589
705 137.178000 132.694739
707 134.598960 129.472396
709 132.719400 119.309816
711 136.027980 133.211200
713 100.122840 135.052600
715 133.020360 131.323472
717 134.671140 135.600251
719 130.492080 119.437814
721 133.644600 138.810746
723 135.852660 131.534933
725 130.642740 131.754986
727 133.878600 127.500722
729 104.051520 135.985142
731 134.522640 122.593586
733 136.144620 129.519757
735 136.432080 133.560898
737 133.417260 105.925585
739 137.691180 131.333221
741 138.667320 134.642023
743 141.113520 124.950707
745 137.221380 133.047132
747 136.202580 125.877598
749 133.905060 120.780078
751 132.046740 125.019429
753 109.076400 119.838823
755 133.458480 133.846504
757 96.062040 122.872861
759 132.405120 138.406853
761 135.428940 123.369708
763 88.999020 122.598732
765 135.093060 120.864817
767 137.464920 120.603905
769 137.792160 139.148203
771 138.971700 142.341824
773 139.052160 131.707803
775 137.847240 141.369824
777 137.353860 133.718670
779 137.243160 131.607927
781 136.025460 128.310827
783 134.312400 130.900266
785 137.059200 91.148452
787 132.448140 127.943343
789 132.740640 117.769498
791 135.358920 139.513578
793 135.442980 120.563851
795 137.113560 127.988749
797 79.927020 119.961552
799 135.869760 134.872989
